0.004274 0.064103 0.183761 0.012821 0.012821 0.380342 0.004274 0.269231 0.047009 0.021368 
0.007937 0.007937 0.007937 0.039683 0.007937 0.182540 0.690476 0.023810 0.023810 0.007937 
0.021739 0.326087 0.021739 0.108696 0.021739 0.021739 0.065217 0.326087 0.065217 0.021739 
0.001377 0.001377 0.488981 0.356749 0.001377 0.001377 0.001377 0.001377 0.001377 0.144628 
0.012195 0.012195 0.012195 0.353659 0.036585 0.012195 0.378049 0.036585 0.134146 0.012195 
0.050000 0.083333 0.016667 0.083333 0.216667 0.050000 0.050000 0.016667 0.016667 0.416667 
0.013514 0.004505 0.040541 0.004505 0.031532 0.175676 0.527027 0.085586 0.067568 0.049550 
0.012000 0.004000 0.500000 0.340000 0.004000 0.004000 0.028000 0.012000 0.004000 0.092000 
0.007246 0.007246 0.253623 0.586957 0.007246 0.036232 0.007246 0.007246 0.021739 0.065217 
0.122951 0.073770 0.008197 0.073770 0.024590 0.024590 0.040984 0.008197 0.434426 0.188525 
0.023810 0.357143 0.023810 0.023810 0.023810 0.023810 0.023810 0.023810 0.452381 0.023810 
0.125000 0.001761 0.001761 0.139085 0.378521 0.008803 0.005282 0.110915 0.047535 0.181338 
0.010204 0.051020 0.010204 0.010204 0.744898 0.030612 0.030612 0.071429 0.030612 0.010204 
0.244681 0.010638 0.010638 0.010638 0.010638 0.074468 0.053191 0.053191 0.521277 0.010638 
0.018750 0.006250 0.006250 0.018750 0.906250 0.018750 0.006250 0.006250 0.006250 0.006250 
0.003030 0.130303 0.057576 0.221212 0.021212 0.033333 0.015152 0.100000 0.130303 0.287879 
0.009259 0.009259 0.027778 0.009259 0.879630 0.009259 0.009259 0.009259 0.009259 0.027778 
0.071429 0.757143 0.014286 0.014286 0.042857 0.042857 0.014286 0.014286 0.014286 0.014286 
0.003086 0.021605 0.064815 0.040123 0.015432 0.126543 0.651235 0.003086 0.003086 0.070988 
0.021739 0.021739 0.021739 0.021739 0.630435 0.195652 0.021739 0.021739 0.021739 0.021739 
0.025862 0.525862 0.025862 0.025862 0.008621 0.094828 0.008621 0.163793 0.025862 0.094828 
0.301471 0.007353 0.007353 0.007353 0.125000 0.007353 0.022059 0.036765 0.463235 0.022059 
0.009615 0.028846 0.009615 0.009615 0.894231 0.009615 0.009615 0.009615 0.009615 0.009615 
0.004630 0.004630 0.912037 0.004630 0.013889 0.013889 0.023148 0.004630 0.004630 0.013889 
0.002404 0.036058 0.074519 0.161058 0.002404 0.093750 0.415865 0.194712 0.007212 0.012019 
0.008772 0.096491 0.236842 0.517544 0.008772 0.008772 0.008772 0.026316 0.026316 0.061404 
0.013235 0.013235 0.219118 0.013235 0.001471 0.004412 0.625000 0.010294 0.001471 0.098529 
0.394737 0.026316 0.026316 0.026316 0.342105 0.026316 0.026316 0.026316 0.026316 0.078947 
0.021739 0.021739 0.021739 0.021739 0.804348 0.021739 0.021739 0.021739 0.021739 0.021739 
0.017241 0.155172 0.074713 0.005747 0.051724 0.063218 0.005747 0.040230 0.568966 0.017241 
0.010417 0.031250 0.010417 0.135417 0.031250 0.010417 0.010417 0.010417 0.718750 0.031250 
0.020000 0.020000 0.020000 0.020000 0.780000 0.020000 0.020000 0.060000 0.020000 0.020000 
0.738095 0.023810 0.071429 0.023810 0.023810 0.023810 0.023810 0.023810 0.023810 0.023810 
0.055556 0.240741 0.043210 0.006173 0.018519 0.006173 0.055556 0.117284 0.166667 0.290123 
0.006173 0.006173 0.253086 0.055556 0.006173 0.030864 0.598765 0.018519 0.018519 0.006173 
0.010355 0.007396 0.383136 0.510355 0.010355 0.028107 0.007396 0.001479 0.001479 0.039941 
0.007937 0.007937 0.007937 0.039683 0.007937 0.039683 0.055556 0.817460 0.007937 0.007937 
0.562500 0.270833 0.020833 0.020833 0.020833 0.020833 0.020833 0.020833 0.020833 0.020833 
0.273810 0.154762 0.083333 0.035714 0.011905 0.011905 0.011905 0.011905 0.297619 0.107143 
0.008333 0.041667 0.008333 0.041667 0.041667 0.108333 0.658333 0.058333 0.008333 0.025000 
0.003049 0.003049 0.966463 0.003049 0.003049 0.009146 0.003049 0.003049 0.003049 0.003049 
0.021739 0.021739 0.021739 0.021739 0.021739 0.065217 0.021739 0.021739 0.760870 0.021739 
0.005474 0.067518 0.717153 0.038321 0.009124 0.001825 0.031022 0.001825 0.001825 0.125912 
0.763158 0.026316 0.026316 0.026316 0.026316 0.026316 0.026316 0.026316 0.026316 0.026316 
0.004673 0.014019 0.004673 0.004673 0.920561 0.004673 0.004673 0.004673 0.023364 0.014019 
0.003597 0.082734 0.320144 0.528777 0.003597 0.017986 0.003597 0.003597 0.032374 0.003597 
0.010000 0.010000 0.010000 0.690000 0.070000 0.030000 0.030000 0.010000 0.090000 0.050000 
0.001453 0.004360 0.888081 0.010174 0.001453 0.030523 0.036337 0.001453 0.001453 0.024709 
0.006198 0.444215 0.208678 0.018595 0.006198 0.002066 0.117769 0.030992 0.163223 0.002066 
0.040541 0.013514 0.013514 0.013514 0.851351 0.013514 0.013514 0.013514 0.013514 0.013514 
0.003731 0.018657 0.026119 0.018657 0.070896 0.003731 0.003731 0.003731 0.712687 0.138060 
0.004032 0.407258 0.133065 0.068548 0.004032 0.213710 0.004032 0.108871 0.004032 0.052419 
0.028017 0.002155 0.665948 0.002155 0.006466 0.122845 0.062500 0.105603 0.002155 0.002155 
0.008065 0.008065 0.072581 0.008065 0.008065 0.008065 0.024194 0.008065 0.846774 0.008065 
0.008929 0.687500 0.044643 0.080357 0.008929 0.008929 0.098214 0.008929 0.026786 0.026786 
0.001412 0.004237 0.074859 0.001412 0.001412 0.580508 0.001412 0.247175 0.001412 0.086158 
0.009091 0.009091 0.009091 0.009091 0.918182 0.009091 0.009091 0.009091 0.009091 0.009091 
0.007042 0.007042 0.007042 0.063380 0.105634 0.105634 0.274648 0.387324 0.035211 0.007042 
0.003546 0.039007 0.024823 0.010638 0.003546 0.010638 0.010638 0.003546 0.890071 0.003546 
0.021739 0.021739 0.021739 0.021739 0.021739 0.021739 0.804348 0.021739 0.021739 0.021739 
0.760870 0.021739 0.065217 0.021739 0.021739 0.021739 0.021739 0.021739 0.021739 0.021739 
0.031250 0.006250 0.368750 0.018750 0.006250 0.493750 0.006250 0.018750 0.006250 0.043750 
0.002959 0.008876 0.458580 0.434911 0.002959 0.002959 0.014793 0.002959 0.002959 0.068047 
0.072581 0.008065 0.008065 0.008065 0.024194 0.008065 0.008065 0.008065 0.814516 0.040323 
0.575000 0.025000 0.025000 0.025000 0.025000 0.125000 0.075000 0.025000 0.075000 0.025000 
0.023810 0.023810 0.023810 0.023810 0.023810 0.119048 0.023810 0.023810 0.642857 0.071429 
0.002793 0.002793 0.589385 0.002793 0.013966 0.013966 0.002793 0.360335 0.002793 0.008380 
0.003268 0.003268 0.571895 0.323529 0.016340 0.009804 0.022876 0.022876 0.003268 0.022876 
0.013566 0.005814 0.164729 0.021318 0.001938 0.001938 0.781008 0.005814 0.001938 0.001938 
0.021739 0.021739 0.021739 0.760870 0.021739 0.021739 0.021739 0.021739 0.021739 0.065217 
0.025000 0.005000 0.115000 0.035000 0.005000 0.765000 0.035000 0.005000 0.005000 0.005000 
0.012821 0.448718 0.012821 0.115385 0.012821 0.012821 0.012821 0.012821 0.320513 0.038462 
0.018939 0.253788 0.041667 0.041667 0.018939 0.011364 0.034091 0.018939 0.534091 0.026515 
0.008621 0.112069 0.008621 0.008621 0.043103 0.198276 0.163793 0.353448 0.008621 0.094828 
0.742424 0.015152 0.045455 0.015152 0.015152 0.045455 0.015152 0.015152 0.075758 0.015152 
0.008065 0.008065 0.330645 0.572581 0.008065 0.024194 0.008065 0.008065 0.024194 0.008065 
0.053191 0.670213 0.010638 0.095745 0.010638 0.010638 0.031915 0.053191 0.053191 0.010638 
0.017081 0.029503 0.041925 0.206522 0.010870 0.029503 0.004658 0.091615 0.051242 0.517081 
0.013158 0.855263 0.039474 0.013158 0.013158 0.013158 0.013158 0.013158 0.013158 0.013158 
0.009804 0.284314 0.009804 0.500000 0.009804 0.127451 0.009804 0.009804 0.009804 0.029412 
0.750000 0.068182 0.022727 0.022727 0.022727 0.022727 0.022727 0.022727 0.022727 0.022727 
0.017241 0.017241 0.017241 0.017241 0.017241 0.017241 0.017241 0.844828 0.017241 0.017241 
0.002809 0.030899 0.019663 0.075843 0.002809 0.002809 0.002809 0.019663 0.002809 0.839888 
0.006579 0.002193 0.962719 0.002193 0.002193 0.002193 0.006579 0.002193 0.002193 0.010965 
0.026316 0.026316 0.026316 0.026316 0.657895 0.026316 0.026316 0.026316 0.131579 0.026316 
0.690476 0.023810 0.023810 0.119048 0.023810 0.023810 0.023810 0.023810 0.023810 0.023810 
0.082090 0.007463 0.007463 0.007463 0.783582 0.007463 0.007463 0.082090 0.007463 0.007463 
0.013158 0.039474 0.013158 0.039474 0.671053 0.039474 0.118421 0.039474 0.013158 0.013158 
0.007463 0.082090 0.425373 0.097015 0.007463 0.052239 0.007463 0.246269 0.037313 0.037313 
0.008929 0.098214 0.080357 0.080357 0.169643 0.062500 0.008929 0.008929 0.008929 0.473214 
0.004464 0.004464 0.058036 0.004464 0.093750 0.513393 0.031250 0.040179 0.013393 0.236607 
0.061404 0.552632 0.008772 0.008772 0.026316 0.061404 0.201754 0.008772 0.026316 0.043860 
0.027778 0.016667 0.005556 0.005556 0.905556 0.005556 0.005556 0.005556 0.016667 0.005556 
0.022059 0.051471 0.840686 0.007353 0.002451 0.056373 0.007353 0.002451 0.007353 0.002451 
0.004032 0.197581 0.754032 0.004032 0.004032 0.012097 0.004032 0.004032 0.012097 0.004032 
0.732143 0.017857 0.017857 0.017857 0.017857 0.017857 0.017857 0.017857 0.089286 0.053571 
0.026786 0.020833 0.032738 0.241071 0.193452 0.110119 0.038690 0.008929 0.139881 0.187500 
0.017241 0.017241 0.017241 0.017241 0.017241 0.051724 0.810345 0.017241 0.017241 0.017241 
0.016447 0.042763 0.023026 0.055921 0.003289 0.016447 0.009868 0.003289 0.003289 0.825658 
0.630435 0.021739 0.021739 0.065217 0.108696 0.021739 0.021739 0.065217 0.021739 0.021739 
0.036585 0.060976 0.036585 0.670732 0.012195 0.012195 0.012195 0.036585 0.012195 0.109756 
0.011364 0.011364 0.011364 0.056818 0.829545 0.011364 0.011364 0.011364 0.011364 0.034091 
0.520833 0.062500 0.020833 0.006944 0.048611 0.048611 0.006944 0.006944 0.256944 0.020833 
0.175676 0.013514 0.040541 0.040541 0.662162 0.013514 0.013514 0.013514 0.013514 0.013514 
0.071429 0.023810 0.023810 0.023810 0.690476 0.023810 0.023810 0.071429 0.023810 0.023810 
0.015152 0.015152 0.015152 0.833333 0.015152 0.015152 0.015152 0.015152 0.015152 0.045455 
0.642857 0.119048 0.023810 0.023810 0.071429 0.023810 0.023810 0.023810 0.023810 0.023810 
0.008065 0.008065 0.008065 0.846774 0.008065 0.008065 0.040323 0.008065 0.024194 0.040323 
0.740000 0.020000 0.020000 0.060000 0.020000 0.020000 0.020000 0.020000 0.060000 0.020000 
0.008929 0.205357 0.044643 0.026786 0.008929 0.008929 0.116071 0.098214 0.008929 0.473214 
0.002427 0.007282 0.929612 0.007282 0.007282 0.002427 0.002427 0.002427 0.002427 0.036408 
0.010870 0.010870 0.010870 0.054348 0.010870 0.010870 0.032609 0.010870 0.815217 0.032609 
0.015306 0.005102 0.505102 0.331633 0.005102 0.005102 0.005102 0.005102 0.005102 0.117347 
0.009804 0.029412 0.009804 0.009804 0.833333 0.009804 0.009804 0.009804 0.009804 0.068627 
0.166667 0.576923 0.012821 0.089744 0.038462 0.012821 0.012821 0.012821 0.064103 0.012821 
0.071429 0.071429 0.071429 0.071429 0.071429 0.071429 0.357143 0.071429 0.071429 0.071429 
0.012111 0.001730 0.015571 0.001730 0.001730 0.098616 0.057093 0.396194 0.001730 0.413495 
0.021739 0.021739 0.021739 0.021739 0.021739 0.021739 0.021739 0.021739 0.804348 0.021739 
0.071429 0.014286 0.042857 0.014286 0.014286 0.728571 0.014286 0.071429 0.014286 0.014286 
0.011905 0.011905 0.035714 0.011905 0.035714 0.059524 0.630952 0.011905 0.011905 0.178571 
0.002778 0.002778 0.630556 0.002778 0.013889 0.063889 0.252778 0.008333 0.013889 0.008333 
0.026316 0.015789 0.005263 0.552632 0.005263 0.036842 0.342105 0.005263 0.005263 0.005263 
0.008475 0.008475 0.008475 0.906780 0.008475 0.008475 0.008475 0.025424 0.008475 0.008475 
0.008621 0.008621 0.594828 0.336207 0.008621 0.008621 0.008621 0.008621 0.008621 0.008621 
0.017241 0.017241 0.017241 0.362069 0.051724 0.017241 0.017241 0.120690 0.017241 0.362069 
0.021739 0.007246 0.007246 0.007246 0.007246 0.152174 0.021739 0.413043 0.007246 0.355072 
0.014706 0.014706 0.014706 0.102941 0.014706 0.073529 0.661765 0.044118 0.044118 0.014706 
0.065789 0.013158 0.013158 0.039474 0.802632 0.013158 0.013158 0.013158 0.013158 0.013158 
0.077778 0.011111 0.011111 0.011111 0.833333 0.011111 0.011111 0.011111 0.011111 0.011111 
0.020000 0.020000 0.420000 0.340000 0.100000 0.020000 0.020000 0.020000 0.020000 0.020000 
0.020661 0.004132 0.004132 0.004132 0.028926 0.681818 0.210744 0.004132 0.004132 0.037190 
0.007692 0.607692 0.038462 0.007692 0.007692 0.100000 0.053846 0.007692 0.007692 0.161538 
0.002551 0.002551 0.497449 0.150510 0.002551 0.017857 0.002551 0.012755 0.308673 0.002551 
0.087838 0.263514 0.006757 0.006757 0.020270 0.033784 0.006757 0.493243 0.033784 0.047297 
0.051020 0.010204 0.010204 0.091837 0.214286 0.010204 0.010204 0.010204 0.051020 0.540816 
0.020833 0.104167 0.020833 0.020833 0.687500 0.062500 0.020833 0.020833 0.020833 0.020833 
0.023810 0.023810 0.023810 0.071429 0.023810 0.023810 0.023810 0.023810 0.023810 0.738095 
0.051515 0.057576 0.269697 0.227273 0.003030 0.366667 0.015152 0.003030 0.003030 0.003030 
0.007463 0.037313 0.380597 0.455224 0.007463 0.037313 0.007463 0.007463 0.007463 0.052239 
0.052743 0.056962 0.023207 0.006329 0.073840 0.069620 0.010549 0.120253 0.137131 0.449367 
0.010135 0.003378 0.097973 0.057432 0.010135 0.733108 0.010135 0.023649 0.003378 0.050676 
0.007353 0.007353 0.007353 0.860294 0.051471 0.007353 0.007353 0.022059 0.022059 0.007353 
0.006579 0.427632 0.164474 0.019737 0.006579 0.019737 0.006579 0.190789 0.059211 0.098684 
0.002165 0.006494 0.006494 0.049784 0.010823 0.183983 0.417749 0.084416 0.002165 0.235931 
0.785714 0.023810 0.023810 0.023810 0.023810 0.023810 0.023810 0.023810 0.023810 0.023810 
0.092593 0.055556 0.537037 0.018519 0.018519 0.018519 0.018519 0.203704 0.018519 0.018519 
0.008621 0.025862 0.008621 0.818966 0.077586 0.008621 0.025862 0.008621 0.008621 0.008621 
0.012500 0.712500 0.012500 0.012500 0.037500 0.037500 0.037500 0.012500 0.112500 0.012500 
0.032995 0.109137 0.104061 0.007614 0.027919 0.002538 0.032995 0.048223 0.540609 0.093909 
0.006667 0.006667 0.420000 0.500000 0.006667 0.020000 0.006667 0.006667 0.006667 0.020000 
0.729167 0.104167 0.020833 0.020833 0.020833 0.020833 0.020833 0.020833 0.020833 0.020833 
0.004630 0.273148 0.069444 0.023148 0.097222 0.013889 0.004630 0.004630 0.060185 0.449074 
0.007692 0.715385 0.007692 0.038462 0.007692 0.038462 0.007692 0.023077 0.115385 0.038462 
0.021739 0.021739 0.021739 0.021739 0.021739 0.021739 0.021739 0.021739 0.021739 0.804348 
0.007246 0.079710 0.181159 0.471014 0.007246 0.152174 0.007246 0.050725 0.007246 0.036232 
0.004587 0.013761 0.013761 0.004587 0.004587 0.050459 0.004587 0.013761 0.701835 0.188073 
0.013514 0.013514 0.013514 0.013514 0.878378 0.013514 0.013514 0.013514 0.013514 0.013514 
0.010000 0.010000 0.010000 0.010000 0.010000 0.110000 0.010000 0.070000 0.010000 0.750000 
0.023810 0.023810 0.547619 0.119048 0.023810 0.071429 0.023810 0.023810 0.119048 0.023810 
0.007143 0.007143 0.007143 0.664286 0.007143 0.064286 0.092857 0.007143 0.007143 0.135714 
0.001880 0.058271 0.110902 0.396617 0.039474 0.250000 0.016917 0.001880 0.005639 0.118421 
0.028153 0.052928 0.253378 0.568694 0.001126 0.003378 0.014640 0.001126 0.055180 0.021396 
0.018519 0.018519 0.018519 0.018519 0.722222 0.018519 0.018519 0.129630 0.018519 0.018519 
0.058333 0.008333 0.291667 0.008333 0.025000 0.008333 0.008333 0.075000 0.491667 0.025000 
0.060345 0.008621 0.163793 0.008621 0.008621 0.008621 0.663793 0.008621 0.008621 0.060345 
0.242857 0.471429 0.014286 0.128571 0.042857 0.014286 0.042857 0.014286 0.014286 0.014286 
0.053571 0.017857 0.017857 0.053571 0.696429 0.017857 0.017857 0.017857 0.089286 0.017857 
0.043689 0.101942 0.325243 0.004854 0.033981 0.004854 0.364078 0.004854 0.004854 0.111650 
0.100000 0.185714 0.014286 0.042857 0.585714 0.014286 0.014286 0.014286 0.014286 0.014286 
0.001754 0.012281 0.019298 0.275439 0.033333 0.222807 0.380702 0.012281 0.008772 0.033333 
0.016667 0.016667 0.016667 0.016667 0.016667 0.116667 0.750000 0.016667 0.016667 0.016667 
0.013761 0.261468 0.077982 0.013761 0.160550 0.050459 0.004587 0.123853 0.004587 0.288991 
0.005556 0.005556 0.161111 0.050000 0.005556 0.138889 0.005556 0.005556 0.005556 0.616667 
0.063380 0.049296 0.007042 0.007042 0.359155 0.007042 0.035211 0.007042 0.007042 0.457746 
0.021739 0.065217 0.021739 0.021739 0.760870 0.021739 0.021739 0.021739 0.021739 0.021739 
0.008961 0.001792 0.410394 0.460573 0.001792 0.026882 0.012545 0.005376 0.005376 0.066308 
0.010949 0.003650 0.631387 0.317518 0.003650 0.003650 0.003650 0.010949 0.003650 0.010949 
0.013636 0.004545 0.231818 0.095455 0.031818 0.022727 0.059091 0.004545 0.250000 0.286364 
0.004386 0.013158 0.162281 0.135965 0.004386 0.004386 0.013158 0.021930 0.600877 0.039474 
0.008621 0.008621 0.663793 0.025862 0.008621 0.008621 0.025862 0.008621 0.025862 0.215517 
0.046196 0.008152 0.040761 0.154891 0.008152 0.002717 0.002717 0.649457 0.008152 0.078804 
0.019380 0.019380 0.794574 0.058140 0.011628 0.011628 0.011628 0.011628 0.003876 0.058140 
0.016667 0.316667 0.016667 0.016667 0.016667 0.083333 0.016667 0.050000 0.416667 0.050000 
0.060484 0.004032 0.294355 0.004032 0.012097 0.125000 0.141129 0.044355 0.012097 0.302419 
0.017241 0.086207 0.017241 0.017241 0.017241 0.017241 0.017241 0.637931 0.155172 0.017241 
0.105505 0.178899 0.004587 0.004587 0.041284 0.013761 0.004587 0.105505 0.527523 0.013761 
0.500000 0.280488 0.012195 0.012195 0.012195 0.012195 0.012195 0.012195 0.134146 0.012195 
0.008475 0.127119 0.025424 0.008475 0.008475 0.025424 0.008475 0.008475 0.771186 0.008475 
0.011364 0.284091 0.125000 0.079545 0.011364 0.034091 0.397727 0.011364 0.011364 0.034091 
0.002033 0.050813 0.030488 0.034553 0.006098 0.034553 0.010163 0.530488 0.298780 0.002033 
0.029412 0.735294 0.029412 0.029412 0.029412 0.029412 0.029412 0.029412 0.029412 0.029412 
0.006410 0.288462 0.006410 0.006410 0.032051 0.006410 0.006410 0.006410 0.634615 0.006410 
0.007692 0.007692 0.007692 0.007692 0.007692 0.007692 0.884615 0.023077 0.023077 0.023077 
0.065657 0.186869 0.005051 0.005051 0.661616 0.005051 0.055556 0.005051 0.005051 0.005051 
0.019685 0.011811 0.003937 0.870079 0.027559 0.003937 0.019685 0.027559 0.003937 0.011811 
0.005682 0.017045 0.142045 0.005682 0.005682 0.267045 0.448864 0.062500 0.039773 0.005682 
0.196970 0.015152 0.045455 0.500000 0.166667 0.015152 0.015152 0.015152 0.015152 0.015152 
0.003676 0.305147 0.158088 0.033088 0.033088 0.290441 0.003676 0.011029 0.158088 0.003676 
0.020000 0.020000 0.020000 0.020000 0.020000 0.020000 0.540000 0.060000 0.260000 0.020000 
0.010870 0.032609 0.032609 0.010870 0.836957 0.010870 0.032609 0.010870 0.010870 0.010870 
0.008333 0.058333 0.241667 0.008333 0.008333 0.125000 0.025000 0.475000 0.041667 0.008333 
0.034091 0.238636 0.011364 0.011364 0.011364 0.011364 0.011364 0.011364 0.647727 0.011364 
0.009615 0.009615 0.009615 0.009615 0.913462 0.009615 0.009615 0.009615 0.009615 0.009615 
0.008824 0.008824 0.261765 0.702941 0.002941 0.002941 0.002941 0.002941 0.002941 0.002941 
0.178571 0.003247 0.016234 0.185065 0.113636 0.003247 0.003247 0.009740 0.211039 0.275974 
0.003247 0.016234 0.035714 0.029221 0.009740 0.724026 0.152597 0.003247 0.016234 0.009740 
0.018519 0.018519 0.018519 0.018519 0.018519 0.055556 0.092593 0.018519 0.611111 0.129630 
0.012195 0.060976 0.012195 0.012195 0.841463 0.012195 0.012195 0.012195 0.012195 0.012195 
0.330508 0.432203 0.008475 0.025424 0.008475 0.042373 0.008475 0.059322 0.059322 0.025424 
0.003650 0.354015 0.069343 0.105839 0.018248 0.003650 0.149635 0.003650 0.288321 0.003650 
0.008475 0.025424 0.025424 0.025424 0.025424 0.008475 0.008475 0.788136 0.008475 0.076271 
0.011628 0.709302 0.011628 0.011628 0.011628 0.011628 0.034884 0.151163 0.011628 0.034884 
0.011905 0.011905 0.011905 0.011905 0.797619 0.011905 0.035714 0.011905 0.011905 0.083333 
0.050000 0.150000 0.083333 0.150000 0.016667 0.050000 0.416667 0.050000 0.016667 0.016667 
0.006410 0.006410 0.006410 0.032051 0.006410 0.006410 0.006410 0.006410 0.891026 0.032051 
0.006410 0.032051 0.288462 0.083333 0.019231 0.032051 0.506410 0.006410 0.019231 0.006410 
0.002083 0.002083 0.068750 0.039583 0.010417 0.443750 0.031250 0.318750 0.002083 0.081250 
0.011364 0.061364 0.506818 0.088636 0.002273 0.025000 0.134091 0.015909 0.002273 0.152273 
0.574074 0.018519 0.018519 0.018519 0.166667 0.018519 0.055556 0.018519 0.018519 0.092593 
0.023438 0.007812 0.085938 0.007812 0.007812 0.742188 0.023438 0.023438 0.007812 0.070312 
0.004098 0.118852 0.733607 0.012295 0.012295 0.012295 0.004098 0.012295 0.004098 0.086066 
0.064103 0.012821 0.012821 0.012821 0.807692 0.012821 0.012821 0.012821 0.038462 0.012821 
0.807692 0.012821 0.012821 0.012821 0.038462 0.012821 0.012821 0.038462 0.038462 0.012821 
0.017241 0.051724 0.534483 0.017241 0.017241 0.017241 0.086207 0.224138 0.017241 0.017241 
0.017241 0.017241 0.051724 0.775862 0.017241 0.051724 0.017241 0.017241 0.017241 0.017241 
0.703125 0.015625 0.015625 0.015625 0.046875 0.046875 0.046875 0.046875 0.015625 0.046875 
0.008772 0.043860 0.535088 0.043860 0.008772 0.008772 0.008772 0.008772 0.008772 0.324561 
0.003937 0.003937 0.366142 0.051181 0.019685 0.003937 0.539370 0.003937 0.003937 0.003937 
0.004000 0.052000 0.068000 0.012000 0.004000 0.004000 0.420000 0.036000 0.004000 0.396000 
0.012931 0.004310 0.375000 0.547414 0.004310 0.030172 0.004310 0.012931 0.004310 0.004310 
0.014706 0.338235 0.014706 0.014706 0.102941 0.014706 0.014706 0.073529 0.014706 0.397059 
0.013889 0.013889 0.013889 0.013889 0.875000 0.013889 0.013889 0.013889 0.013889 0.013889 
0.540000 0.100000 0.020000 0.020000 0.020000 0.060000 0.020000 0.180000 0.020000 0.020000 
0.020231 0.384393 0.002890 0.193642 0.002890 0.008671 0.008671 0.002890 0.297688 0.078035 
0.010870 0.010870 0.010870 0.010870 0.010870 0.010870 0.010870 0.010870 0.010870 0.902174 
0.022388 0.186567 0.007463 0.022388 0.007463 0.007463 0.007463 0.007463 0.723881 0.007463 
0.016667 0.650000 0.016667 0.016667 0.050000 0.016667 0.050000 0.083333 0.050000 0.050000 
0.100000 0.033333 0.033333 0.033333 0.566667 0.033333 0.033333 0.033333 0.100000 0.033333 
0.011905 0.011905 0.011905 0.011905 0.011905 0.011905 0.845238 0.011905 0.011905 0.059524 
0.004762 0.300000 0.157143 0.138095 0.004762 0.023810 0.147619 0.004762 0.023810 0.195238 
0.016667 0.016667 0.050000 0.016667 0.216667 0.016667 0.116667 0.016667 0.016667 0.516667 
0.071429 0.084416 0.577922 0.006494 0.006494 0.214286 0.019481 0.006494 0.006494 0.006494 
0.100000 0.060000 0.020000 0.020000 0.020000 0.020000 0.020000 0.700000 0.020000 0.020000 
0.013158 0.039474 0.013158 0.750000 0.092105 0.039474 0.013158 0.013158 0.013158 0.013158 
0.068182 0.022727 0.022727 0.022727 0.750000 0.022727 0.022727 0.022727 0.022727 0.022727 
0.045455 0.149351 0.006494 0.045455 0.071429 0.006494 0.006494 0.655844 0.006494 0.006494 
0.198113 0.009434 0.009434 0.009434 0.726415 0.009434 0.009434 0.009434 0.009434 0.009434 
0.007937 0.055556 0.198413 0.007937 0.007937 0.023810 0.325397 0.261905 0.087302 0.023810 
0.033333 0.033333 0.033333 0.033333 0.700000 0.033333 0.033333 0.033333 0.033333 0.033333 
0.236111 0.347222 0.013889 0.069444 0.013889 0.013889 0.069444 0.180556 0.013889 0.041667 
0.005208 0.005208 0.005208 0.005208 0.005208 0.036458 0.890625 0.036458 0.005208 0.005208 
0.013889 0.004630 0.004630 0.004630 0.430556 0.004630 0.023148 0.217593 0.069444 0.226852 
0.005263 0.005263 0.005263 0.005263 0.005263 0.910526 0.026316 0.026316 0.005263 0.005263 
0.061798 0.005618 0.016854 0.005618 0.016854 0.174157 0.578652 0.106742 0.028090 0.005618 
0.015152 0.045455 0.045455 0.045455 0.712121 0.015152 0.015152 0.015152 0.015152 0.075758 
0.300000 0.357143 0.014286 0.014286 0.185714 0.014286 0.014286 0.014286 0.014286 0.071429 
0.006024 0.584337 0.018072 0.006024 0.006024 0.210843 0.042169 0.006024 0.102410 0.018072 
0.710526 0.026316 0.026316 0.026316 0.078947 0.026316 0.026316 0.026316 0.026316 0.026316 
0.019231 0.185897 0.108974 0.006410 0.006410 0.019231 0.224359 0.403846 0.019231 0.006410 
0.004274 0.012821 0.311966 0.021368 0.004274 0.158120 0.021368 0.423077 0.012821 0.029915 
0.002315 0.006944 0.168981 0.020833 0.002315 0.113426 0.664352 0.006944 0.006944 0.006944 
0.000642 0.000642 0.276637 0.058408 0.008344 0.546213 0.067394 0.004493 0.016046 0.021181 
0.013514 0.121622 0.013514 0.013514 0.770270 0.013514 0.013514 0.013514 0.013514 0.013514 
0.036709 0.001266 0.322785 0.067089 0.006329 0.173418 0.001266 0.016456 0.001266 0.373418 
0.045455 0.009091 0.027273 0.009091 0.554545 0.009091 0.009091 0.300000 0.009091 0.027273 
0.007692 0.007692 0.023077 0.038462 0.007692 0.007692 0.853846 0.007692 0.007692 0.038462 
0.026119 0.003731 0.033582 0.041045 0.003731 0.048507 0.526119 0.018657 0.011194 0.287313 
0.316667 0.016667 0.016667 0.016667 0.483333 0.016667 0.016667 0.016667 0.016667 0.083333 
0.004808 0.091346 0.004808 0.004808 0.004808 0.245192 0.052885 0.524038 0.014423 0.052885 
0.032609 0.010870 0.076087 0.010870 0.119565 0.010870 0.032609 0.358696 0.010870 0.336957 
0.007143 0.250000 0.050000 0.078571 0.035714 0.007143 0.035714 0.021429 0.492857 0.021429 
0.021739 0.021739 0.326087 0.500000 0.021739 0.021739 0.021739 0.021739 0.021739 0.021739 
0.004717 0.004717 0.117925 0.816038 0.004717 0.004717 0.014151 0.004717 0.004717 0.023585 
0.017857 0.053571 0.017857 0.017857 0.375000 0.017857 0.017857 0.017857 0.160714 0.303571 
0.011364 0.102273 0.011364 0.011364 0.670455 0.011364 0.011364 0.011364 0.034091 0.125000 
0.014286 0.014286 0.014286 0.014286 0.814286 0.042857 0.014286 0.042857 0.014286 0.014286 
0.456897 0.008621 0.008621 0.025862 0.405172 0.008621 0.008621 0.008621 0.060345 0.008621 
0.010067 0.238255 0.258389 0.090604 0.003356 0.016779 0.016779 0.003356 0.359060 0.003356 
0.005000 0.445000 0.005000 0.025000 0.265000 0.005000 0.035000 0.025000 0.015000 0.175000 
0.148649 0.391892 0.013514 0.013514 0.013514 0.013514 0.013514 0.067568 0.310811 0.013514 
0.013587 0.154891 0.100543 0.008152 0.002717 0.002717 0.144022 0.448370 0.002717 0.122283 
0.016129 0.016129 0.016129 0.016129 0.790323 0.016129 0.048387 0.048387 0.016129 0.016129 
0.010204 0.030612 0.010204 0.010204 0.010204 0.010204 0.010204 0.010204 0.010204 0.887755 
0.583333 0.016667 0.016667 0.083333 0.183333 0.016667 0.016667 0.016667 0.016667 0.050000 
0.547619 0.023810 0.071429 0.071429 0.071429 0.023810 0.023810 0.023810 0.023810 0.119048 
0.182243 0.004673 0.004673 0.490654 0.107477 0.107477 0.004673 0.023364 0.070093 0.004673 
0.006579 0.006579 0.006579 0.006579 0.940789 0.006579 0.006579 0.006579 0.006579 0.006579 
0.003937 0.019685 0.051181 0.279528 0.003937 0.043307 0.027559 0.011811 0.043307 0.515748 
0.001408 0.029577 0.063380 0.001408 0.001408 0.049296 0.001408 0.004225 0.756338 0.091549 
0.008475 0.076271 0.008475 0.042373 0.754237 0.008475 0.008475 0.025424 0.042373 0.025424 
0.011628 0.104651 0.011628 0.058140 0.011628 0.406977 0.244186 0.011628 0.058140 0.081395 
0.009091 0.045455 0.009091 0.009091 0.027273 0.263636 0.427273 0.009091 0.009091 0.190909 
0.018293 0.274390 0.164634 0.079268 0.006098 0.006098 0.018293 0.128049 0.298780 0.006098 
0.004274 0.029915 0.286325 0.004274 0.004274 0.414530 0.209402 0.004274 0.038462 0.004274 
0.007375 0.001475 0.343658 0.567847 0.001475 0.039823 0.001475 0.001475 0.001475 0.033923 
0.637500 0.012500 0.012500 0.012500 0.162500 0.012500 0.012500 0.062500 0.012500 0.062500 
0.071429 0.071429 0.071429 0.071429 0.071429 0.071429 0.357143 0.071429 0.071429 0.071429 
0.029412 0.029412 0.029412 0.735294 0.029412 0.029412 0.029412 0.029412 0.029412 0.029412 
0.025000 0.075000 0.025000 0.025000 0.725000 0.025000 0.025000 0.025000 0.025000 0.025000 
0.026316 0.026316 0.026316 0.131579 0.657895 0.026316 0.026316 0.026316 0.026316 0.026316 
0.027778 0.027778 0.027778 0.027778 0.750000 0.027778 0.027778 0.027778 0.027778 0.027778 
0.015152 0.015152 0.015152 0.621212 0.136364 0.015152 0.015152 0.015152 0.045455 0.106061 
0.006494 0.019481 0.006494 0.006494 0.019481 0.006494 0.006494 0.006494 0.006494 0.915584 
0.500000 0.260000 0.020000 0.020000 0.020000 0.020000 0.020000 0.020000 0.020000 0.100000 
0.014286 0.042857 0.014286 0.014286 0.842857 0.014286 0.014286 0.014286 0.014286 0.014286 
0.006494 0.279221 0.071429 0.006494 0.006494 0.396104 0.006494 0.188312 0.019481 0.019481 
0.001645 0.001645 0.057566 0.008224 0.001645 0.383224 0.376645 0.034539 0.044408 0.090461 
0.482143 0.232143 0.017857 0.017857 0.017857 0.089286 0.017857 0.017857 0.089286 0.017857 
0.002591 0.033679 0.712435 0.033679 0.002591 0.137306 0.002591 0.002591 0.059585 0.012953 
0.020000 0.020000 0.100000 0.060000 0.020000 0.020000 0.700000 0.020000 0.020000 0.020000 
0.007812 0.257812 0.007812 0.023438 0.007812 0.085938 0.070312 0.398438 0.070312 0.070312 
0.009804 0.127451 0.009804 0.029412 0.068627 0.009804 0.009804 0.029412 0.009804 0.696078 
0.002994 0.032934 0.062874 0.314371 0.002994 0.002994 0.500000 0.008982 0.050898 0.020958 
0.038462 0.115385 0.243590 0.012821 0.012821 0.012821 0.012821 0.012821 0.012821 0.525641 
0.013393 0.049107 0.004464 0.031250 0.022321 0.120536 0.040179 0.665179 0.049107 0.004464 
0.004808 0.024038 0.274038 0.014423 0.033654 0.389423 0.235577 0.004808 0.014423 0.004808 
0.009091 0.045455 0.009091 0.754545 0.118182 0.027273 0.009091 0.009091 0.009091 0.009091 
0.015789 0.005263 0.584211 0.005263 0.005263 0.342105 0.015789 0.005263 0.015789 0.005263 
0.038462 0.012821 0.012821 0.012821 0.012821 0.012821 0.012821 0.089744 0.012821 0.782051 
0.202703 0.013514 0.013514 0.013514 0.283784 0.013514 0.013514 0.067568 0.067568 0.310811 
0.012195 0.012195 0.012195 0.012195 0.890244 0.012195 0.012195 0.012195 0.012195 0.012195 
0.198630 0.130137 0.006849 0.020548 0.102740 0.034247 0.034247 0.034247 0.020548 0.417808 
0.015152 0.712121 0.015152 0.015152 0.106061 0.015152 0.075758 0.015152 0.015152 0.015152 
0.018519 0.055556 0.055556 0.018519 0.018519 0.018519 0.018519 0.018519 0.018519 0.759259 
0.015152 0.045455 0.015152 0.015152 0.045455 0.015152 0.015152 0.075758 0.742424 0.015152 
0.012500 0.037500 0.012500 0.012500 0.812500 0.012500 0.012500 0.062500 0.012500 0.012500 
0.022436 0.067308 0.394231 0.310897 0.003205 0.041667 0.054487 0.028846 0.016026 0.060897 
0.763158 0.026316 0.026316 0.026316 0.026316 0.026316 0.026316 0.026316 0.026316 0.026316 
0.017241 0.017241 0.086207 0.637931 0.017241 0.017241 0.017241 0.155172 0.017241 0.017241 
0.027778 0.027778 0.027778 0.027778 0.694444 0.027778 0.027778 0.083333 0.027778 0.027778 
0.065217 0.326087 0.021739 0.021739 0.021739 0.021739 0.021739 0.021739 0.456522 0.021739 
0.009434 0.594340 0.009434 0.009434 0.028302 0.066038 0.047170 0.179245 0.047170 0.009434 
0.128788 0.234848 0.083333 0.037879 0.007576 0.007576 0.022727 0.007576 0.053030 0.416667 
0.009259 0.250000 0.009259 0.009259 0.009259 0.009259 0.064815 0.583333 0.046296 0.009259 
0.023810 0.023810 0.023810 0.023810 0.690476 0.023810 0.023810 0.023810 0.023810 0.119048 
0.014286 0.185714 0.042857 0.271429 0.271429 0.128571 0.014286 0.042857 0.014286 0.014286 
0.601351 0.020270 0.033784 0.006757 0.020270 0.020270 0.033784 0.006757 0.250000 0.006757 
0.055556 0.166667 0.033333 0.011111 0.011111 0.011111 0.011111 0.033333 0.655556 0.011111 
0.014706 0.691176 0.014706 0.044118 0.044118 0.014706 0.044118 0.014706 0.044118 0.073529 
0.012821 0.038462 0.012821 0.012821 0.730769 0.012821 0.012821 0.012821 0.012821 0.141026 
0.017241 0.017241 0.017241 0.017241 0.017241 0.086207 0.017241 0.017241 0.775862 0.017241 
0.010870 0.032609 0.032609 0.010870 0.010870 0.054348 0.010870 0.010870 0.815217 0.010870 
0.009434 0.009434 0.669811 0.028302 0.009434 0.009434 0.235849 0.009434 0.009434 0.009434 
0.026316 0.026316 0.026316 0.026316 0.710526 0.026316 0.026316 0.078947 0.026316 0.026316 
0.002488 0.266169 0.216418 0.012438 0.032338 0.176617 0.092040 0.007463 0.022388 0.171642 
0.006098 0.006098 0.006098 0.006098 0.945122 0.006098 0.006098 0.006098 0.006098 0.006098 
0.023810 0.071429 0.119048 0.595238 0.023810 0.023810 0.023810 0.023810 0.023810 0.071429 
0.005000 0.005000 0.005000 0.905000 0.005000 0.015000 0.005000 0.005000 0.015000 0.035000 
0.015789 0.005263 0.005263 0.005263 0.005263 0.015789 0.805263 0.005263 0.005263 0.131579 
0.114583 0.010417 0.010417 0.010417 0.760417 0.010417 0.010417 0.010417 0.052083 0.010417 
0.024194 0.733871 0.008065 0.008065 0.008065 0.008065 0.024194 0.008065 0.169355 0.008065 
0.030726 0.021415 0.274674 0.371508 0.000931 0.017691 0.000931 0.064246 0.019553 0.198324 
0.690476 0.071429 0.023810 0.023810 0.071429 0.023810 0.023810 0.023810 0.023810 0.023810 
0.036765 0.036765 0.110294 0.654412 0.007353 0.007353 0.051471 0.007353 0.007353 0.080882 
0.012195 0.060976 0.036585 0.012195 0.012195 0.109756 0.695122 0.036585 0.012195 0.012195 
0.030488 0.067073 0.164634 0.018293 0.006098 0.006098 0.664634 0.006098 0.006098 0.030488 
0.008929 0.633929 0.026786 0.026786 0.008929 0.098214 0.169643 0.008929 0.008929 0.008929 
0.002427 0.250000 0.201456 0.012136 0.026699 0.099515 0.002427 0.002427 0.400485 0.002427 
0.711538 0.057692 0.019231 0.019231 0.019231 0.019231 0.019231 0.096154 0.019231 0.019231 
0.011111 0.433333 0.055556 0.211111 0.033333 0.011111 0.011111 0.011111 0.211111 0.011111 
0.055556 0.228395 0.006173 0.018519 0.117284 0.043210 0.006173 0.006173 0.067901 0.450617 
0.009615 0.105769 0.009615 0.028846 0.009615 0.048077 0.028846 0.586538 0.144231 0.028846 
0.018519 0.018519 0.018519 0.018519 0.833333 0.018519 0.018519 0.018519 0.018519 0.018519 
0.011905 0.035714 0.011905 0.011905 0.154762 0.059524 0.011905 0.273810 0.011905 0.416667 
0.020833 0.020833 0.020833 0.479167 0.020833 0.062500 0.020833 0.062500 0.020833 0.270833 
0.017857 0.017857 0.017857 0.017857 0.803571 0.017857 0.017857 0.017857 0.053571 0.017857 
0.075758 0.621212 0.045455 0.015152 0.045455 0.106061 0.015152 0.015152 0.045455 0.015152 
0.009804 0.029412 0.049020 0.852941 0.009804 0.009804 0.009804 0.009804 0.009804 0.009804 
0.020833 0.020833 0.020833 0.020833 0.770833 0.020833 0.020833 0.020833 0.062500 0.020833 
0.008333 0.075000 0.025000 0.041667 0.008333 0.025000 0.041667 0.025000 0.741667 0.008333 
0.009091 0.027273 0.009091 0.009091 0.027273 0.045455 0.009091 0.009091 0.009091 0.845455 
0.007576 0.007576 0.007576 0.007576 0.901515 0.007576 0.007576 0.007576 0.022727 0.022727 
0.017857 0.434524 0.005952 0.005952 0.220238 0.005952 0.005952 0.041667 0.005952 0.255952 
0.003030 0.293939 0.003030 0.009091 0.112121 0.003030 0.039394 0.087879 0.251515 0.196970 
0.004274 0.123932 0.004274 0.021368 0.277778 0.055556 0.004274 0.004274 0.038462 0.465812 
0.009091 0.100000 0.027273 0.009091 0.009091 0.045455 0.263636 0.009091 0.354545 0.172727 
0.009434 0.009434 0.028302 0.801887 0.103774 0.009434 0.009434 0.009434 0.009434 0.009434 
0.013158 0.013158 0.039474 0.039474 0.407895 0.065789 0.065789 0.013158 0.013158 0.328947 
0.004167 0.004167 0.229167 0.037500 0.004167 0.012500 0.012500 0.004167 0.004167 0.687500 
0.022727 0.022727 0.022727 0.022727 0.704545 0.022727 0.022727 0.022727 0.113636 0.022727 
0.009804 0.225490 0.009804 0.009804 0.029412 0.245098 0.009804 0.441176 0.009804 0.009804 
0.051724 0.051724 0.017241 0.189655 0.086207 0.017241 0.017241 0.017241 0.051724 0.500000 
0.043860 0.429825 0.008772 0.008772 0.008772 0.008772 0.008772 0.447368 0.026316 0.008772 
0.011811 0.003937 0.003937 0.602362 0.082677 0.019685 0.019685 0.003937 0.019685 0.232283 
0.009259 0.287037 0.046296 0.027778 0.157407 0.009259 0.009259 0.027778 0.083333 0.342593 
0.001529 0.004587 0.050459 0.775229 0.001529 0.038226 0.001529 0.001529 0.001529 0.123853 
0.007812 0.039062 0.382812 0.039062 0.007812 0.054688 0.179688 0.257812 0.007812 0.023438 
0.048387 0.016129 0.016129 0.016129 0.758065 0.016129 0.016129 0.016129 0.016129 0.080645 
0.004274 0.123932 0.029915 0.055556 0.004274 0.004274 0.004274 0.012821 0.722222 0.038462 
0.121429 0.007143 0.007143 0.007143 0.007143 0.007143 0.707143 0.050000 0.021429 0.064286 
0.008333 0.008333 0.008333 0.325000 0.025000 0.008333 0.575000 0.008333 0.025000 0.008333 
0.725000 0.025000 0.025000 0.075000 0.025000 0.025000 0.025000 0.025000 0.025000 0.025000 
0.011628 0.593023 0.011628 0.127907 0.174419 0.011628 0.034884 0.011628 0.011628 0.011628 
0.004425 0.022124 0.030973 0.039823 0.013274 0.278761 0.597345 0.004425 0.004425 0.004425 
0.012605 0.004202 0.180672 0.004202 0.004202 0.567227 0.004202 0.138655 0.012605 0.071429 
0.008475 0.177966 0.008475 0.008475 0.347458 0.161017 0.042373 0.127119 0.008475 0.110169 
0.118421 0.013158 0.013158 0.013158 0.776316 0.013158 0.013158 0.013158 0.013158 0.013158 
0.014706 0.044118 0.014706 0.014706 0.838235 0.014706 0.014706 0.014706 0.014706 0.014706 
0.004587 0.050459 0.059633 0.004587 0.004587 0.857798 0.004587 0.004587 0.004587 0.004587 
0.011628 0.011628 0.034884 0.011628 0.011628 0.058140 0.011628 0.011628 0.825581 0.011628 
0.437500 0.145833 0.020833 0.020833 0.187500 0.062500 0.020833 0.020833 0.020833 0.062500 
0.008333 0.008333 0.008333 0.008333 0.008333 0.058333 0.025000 0.025000 0.008333 0.841667 
0.035714 0.678571 0.011905 0.035714 0.011905 0.035714 0.011905 0.083333 0.011905 0.083333 
0.007353 0.801471 0.007353 0.051471 0.007353 0.007353 0.007353 0.007353 0.066176 0.036765 
0.007042 0.007042 0.021127 0.035211 0.007042 0.514085 0.021127 0.302817 0.007042 0.077465 
0.004274 0.004274 0.064103 0.363248 0.012821 0.235043 0.004274 0.004274 0.055556 0.252137 
0.021739 0.108696 0.021739 0.021739 0.717391 0.021739 0.021739 0.021739 0.021739 0.021739 
0.049020 0.009804 0.009804 0.813725 0.009804 0.009804 0.068627 0.009804 0.009804 0.009804 
0.008475 0.008475 0.008475 0.008475 0.008475 0.008475 0.788136 0.144068 0.008475 0.008475 
0.050725 0.065217 0.021739 0.036232 0.731884 0.007246 0.036232 0.007246 0.007246 0.036232 
0.642857 0.023810 0.023810 0.023810 0.119048 0.023810 0.023810 0.071429 0.023810 0.023810 
0.080153 0.301527 0.003817 0.003817 0.408397 0.003817 0.003817 0.003817 0.011450 0.179389 
0.802632 0.039474 0.013158 0.013158 0.013158 0.013158 0.013158 0.065789 0.013158 0.013158 
0.750000 0.068182 0.022727 0.022727 0.022727 0.022727 0.022727 0.022727 0.022727 0.022727 
0.355263 0.065789 0.013158 0.013158 0.250000 0.013158 0.013158 0.013158 0.144737 0.118421 
0.511905 0.083333 0.011905 0.035714 0.083333 0.035714 0.011905 0.011905 0.202381 0.011905 
0.013889 0.041667 0.013889 0.013889 0.847222 0.013889 0.013889 0.013889 0.013889 0.013889 
0.002439 0.026829 0.060976 0.036585 0.002439 0.026829 0.007317 0.002439 0.826829 0.007317 
0.022727 0.704545 0.007576 0.083333 0.068182 0.007576 0.022727 0.068182 0.007576 0.007576 
0.008929 0.008929 0.008929 0.848214 0.008929 0.008929 0.008929 0.008929 0.026786 0.062500 
0.038462 0.012821 0.012821 0.012821 0.858974 0.012821 0.012821 0.012821 0.012821 0.012821 
0.001916 0.001916 0.308429 0.316092 0.005747 0.013410 0.001916 0.021073 0.001916 0.327586 
0.002778 0.036111 0.002778 0.019444 0.002778 0.008333 0.008333 0.002778 0.002778 0.913889 
0.033333 0.033333 0.033333 0.033333 0.633333 0.033333 0.033333 0.033333 0.033333 0.100000 
0.008065 0.024194 0.008065 0.072581 0.008065 0.008065 0.024194 0.008065 0.766129 0.072581 
0.064103 0.115385 0.012821 0.038462 0.012821 0.038462 0.012821 0.038462 0.653846 0.012821 
0.024194 0.008065 0.056452 0.008065 0.104839 0.024194 0.669355 0.008065 0.072581 0.024194 
0.018519 0.018519 0.055556 0.574074 0.129630 0.018519 0.018519 0.018519 0.055556 0.092593 
0.008621 0.008621 0.008621 0.008621 0.043103 0.008621 0.008621 0.008621 0.887931 0.008621 
0.023810 0.007937 0.007937 0.023810 0.230159 0.007937 0.007937 0.007937 0.119048 0.563492 
0.013359 0.005725 0.009542 0.032443 0.017176 0.696565 0.017176 0.204198 0.001908 0.001908 
0.075000 0.025000 0.025000 0.025000 0.675000 0.075000 0.025000 0.025000 0.025000 0.025000 
0.005155 0.015464 0.269759 0.417526 0.015464 0.005155 0.005155 0.008591 0.001718 0.256014 
0.022059 0.007353 0.007353 0.007353 0.007353 0.007353 0.830882 0.007353 0.007353 0.095588 
0.006494 0.006494 0.071429 0.188312 0.006494 0.006494 0.616883 0.019481 0.058442 0.019481 
0.075000 0.025000 0.008333 0.008333 0.008333 0.008333 0.058333 0.775000 0.008333 0.025000 
0.019231 0.019231 0.019231 0.019231 0.826923 0.019231 0.019231 0.019231 0.019231 0.019231 
0.007692 0.007692 0.300000 0.638462 0.007692 0.007692 0.007692 0.007692 0.007692 0.007692 
0.011905 0.011905 0.011905 0.035714 0.130952 0.011905 0.011905 0.011905 0.011905 0.750000 
