0.004274 0.004274 0.149573 0.004274 0.021368 0.525641 0.004274 0.200855 0.055556 0.029915 
0.007937 0.007937 0.055556 0.103175 0.007937 0.055556 0.738095 0.007937 0.007937 0.007937 
0.021739 0.152174 0.065217 0.021739 0.021739 0.021739 0.065217 0.543478 0.021739 0.065217 
0.001377 0.001377 0.533058 0.309917 0.001377 0.001377 0.009642 0.001377 0.001377 0.139118 
0.036585 0.012195 0.085366 0.085366 0.012195 0.109756 0.402439 0.012195 0.231707 0.012195 
0.050000 0.150000 0.016667 0.116667 0.150000 0.016667 0.016667 0.083333 0.016667 0.383333 
0.004505 0.004505 0.103604 0.013514 0.013514 0.256757 0.490991 0.067568 0.040541 0.004505 
0.020000 0.012000 0.524000 0.316000 0.004000 0.004000 0.028000 0.004000 0.004000 0.084000 
0.007246 0.007246 0.355072 0.586957 0.007246 0.007246 0.007246 0.007246 0.007246 0.007246 
0.073770 0.024590 0.057377 0.057377 0.008197 0.008197 0.073770 0.057377 0.434426 0.204918 
0.023810 0.595238 0.023810 0.023810 0.023810 0.023810 0.023810 0.023810 0.214286 0.023810 
0.093310 0.001761 0.001761 0.117958 0.438380 0.012324 0.001761 0.128521 0.051056 0.153169 
0.010204 0.153061 0.010204 0.010204 0.724490 0.030612 0.010204 0.030612 0.010204 0.010204 
0.265957 0.053191 0.010638 0.010638 0.010638 0.010638 0.010638 0.031915 0.478723 0.117021 
0.006250 0.043750 0.006250 0.006250 0.893750 0.018750 0.006250 0.006250 0.006250 0.006250 
0.015152 0.215152 0.118182 0.269697 0.063636 0.027273 0.015152 0.057576 0.039394 0.178788 
0.009259 0.027778 0.027778 0.009259 0.842593 0.009259 0.009259 0.009259 0.009259 0.046296 
0.042857 0.757143 0.014286 0.042857 0.042857 0.014286 0.014286 0.014286 0.042857 0.014286 
0.003086 0.003086 0.089506 0.040123 0.003086 0.219136 0.558642 0.003086 0.003086 0.077160 
0.021739 0.021739 0.021739 0.021739 0.673913 0.152174 0.021739 0.021739 0.021739 0.021739 
0.008621 0.508621 0.025862 0.008621 0.008621 0.008621 0.008621 0.370690 0.008621 0.043103 
0.375000 0.007353 0.007353 0.007353 0.080882 0.007353 0.007353 0.007353 0.477941 0.022059 
0.009615 0.067308 0.009615 0.009615 0.836538 0.009615 0.009615 0.028846 0.009615 0.009615 
0.004630 0.004630 0.921296 0.013889 0.004630 0.004630 0.013889 0.004630 0.004630 0.023148 
0.031250 0.002404 0.036058 0.132212 0.002404 0.165865 0.319712 0.295673 0.002404 0.012019 
0.008772 0.184211 0.307018 0.377193 0.008772 0.026316 0.008772 0.008772 0.026316 0.043860 
0.001471 0.004412 0.242647 0.007353 0.016176 0.027941 0.583824 0.001471 0.001471 0.113235 
0.500000 0.078947 0.026316 0.026316 0.236842 0.026316 0.026316 0.026316 0.026316 0.026316 
0.021739 0.021739 0.021739 0.021739 0.804348 0.021739 0.021739 0.021739 0.021739 0.021739 
0.005747 0.557471 0.017241 0.017241 0.005747 0.005747 0.005747 0.051724 0.304598 0.028736 
0.010417 0.052083 0.010417 0.072917 0.052083 0.010417 0.031250 0.052083 0.697917 0.010417 
0.020000 0.060000 0.020000 0.020000 0.740000 0.020000 0.020000 0.060000 0.020000 0.020000 
0.690476 0.071429 0.071429 0.023810 0.023810 0.023810 0.023810 0.023810 0.023810 0.023810 
0.006173 0.216049 0.006173 0.043210 0.055556 0.043210 0.030864 0.055556 0.216049 0.327160 
0.006173 0.006173 0.129630 0.043210 0.006173 0.154321 0.549383 0.018519 0.067901 0.018519 
0.001479 0.010355 0.377219 0.539941 0.004438 0.013314 0.001479 0.007396 0.004438 0.039941 
0.007937 0.007937 0.023810 0.023810 0.007937 0.039683 0.007937 0.817460 0.007937 0.055556 
0.520833 0.229167 0.020833 0.020833 0.020833 0.020833 0.062500 0.020833 0.062500 0.020833 
0.011905 0.273810 0.083333 0.011905 0.011905 0.035714 0.011905 0.059524 0.464286 0.035714 
0.041667 0.008333 0.008333 0.025000 0.075000 0.025000 0.775000 0.008333 0.025000 0.008333 
0.003049 0.003049 0.948171 0.003049 0.003049 0.015244 0.015244 0.003049 0.003049 0.003049 
0.021739 0.021739 0.021739 0.065217 0.021739 0.108696 0.021739 0.021739 0.673913 0.021739 
0.005474 0.082117 0.713504 0.023723 0.001825 0.001825 0.031022 0.001825 0.009124 0.129562 
0.710526 0.078947 0.026316 0.026316 0.026316 0.026316 0.026316 0.026316 0.026316 0.026316 
0.004673 0.004673 0.004673 0.004673 0.883178 0.014019 0.004673 0.004673 0.004673 0.070093 
0.003597 0.068345 0.248201 0.571942 0.017986 0.003597 0.003597 0.039568 0.017986 0.025180 
0.050000 0.010000 0.010000 0.810000 0.010000 0.010000 0.010000 0.050000 0.010000 0.030000 
0.001453 0.001453 0.899709 0.010174 0.001453 0.015988 0.015988 0.001453 0.004360 0.047965 
0.002066 0.444215 0.134298 0.072314 0.010331 0.014463 0.163223 0.002066 0.154959 0.002066 
0.067568 0.013514 0.013514 0.040541 0.716216 0.013514 0.013514 0.040541 0.013514 0.067568 
0.003731 0.026119 0.041045 0.063433 0.011194 0.011194 0.003731 0.003731 0.682836 0.152985 
0.004032 0.020161 0.165323 0.092742 0.004032 0.157258 0.012097 0.536290 0.004032 0.004032 
0.010776 0.002155 0.614224 0.006466 0.006466 0.191810 0.023707 0.140086 0.002155 0.002155 
0.008065 0.008065 0.056452 0.008065 0.008065 0.008065 0.008065 0.008065 0.879032 0.008065 
0.026786 0.669643 0.008929 0.008929 0.008929 0.062500 0.151786 0.026786 0.026786 0.008929 
0.012712 0.009887 0.105932 0.021186 0.001412 0.608757 0.026836 0.117232 0.004237 0.091808 
0.009091 0.009091 0.009091 0.009091 0.900000 0.009091 0.027273 0.009091 0.009091 0.009091 
0.007042 0.007042 0.007042 0.021127 0.063380 0.246479 0.302817 0.232394 0.007042 0.105634 
0.003546 0.003546 0.017730 0.095745 0.003546 0.003546 0.003546 0.010638 0.854610 0.003546 
0.021739 0.021739 0.021739 0.021739 0.021739 0.065217 0.760870 0.021739 0.021739 0.021739 
0.760870 0.065217 0.021739 0.021739 0.021739 0.021739 0.021739 0.021739 0.021739 0.021739 
0.006250 0.031250 0.306250 0.006250 0.006250 0.581250 0.006250 0.018750 0.006250 0.031250 
0.002959 0.014793 0.482249 0.357988 0.002959 0.032544 0.002959 0.002959 0.002959 0.097633 
0.040323 0.008065 0.008065 0.024194 0.008065 0.008065 0.008065 0.008065 0.879032 0.008065 
0.725000 0.025000 0.025000 0.025000 0.025000 0.025000 0.025000 0.025000 0.075000 0.025000 
0.023810 0.071429 0.023810 0.071429 0.023810 0.023810 0.023810 0.023810 0.642857 0.071429 
0.002793 0.002793 0.639665 0.002793 0.002793 0.025140 0.002793 0.304469 0.002793 0.013966 
0.003268 0.003268 0.669935 0.284314 0.003268 0.003268 0.022876 0.003268 0.003268 0.003268 
0.001938 0.005814 0.160853 0.013566 0.001938 0.013566 0.765504 0.001938 0.001938 0.032946 
0.021739 0.021739 0.021739 0.804348 0.021739 0.021739 0.021739 0.021739 0.021739 0.021739 
0.005000 0.005000 0.125000 0.025000 0.015000 0.735000 0.045000 0.015000 0.005000 0.025000 
0.012821 0.346154 0.012821 0.192308 0.012821 0.012821 0.038462 0.089744 0.269231 0.012821 
0.018939 0.231061 0.018939 0.003788 0.011364 0.132576 0.102273 0.018939 0.458333 0.003788 
0.043103 0.025862 0.008621 0.008621 0.060345 0.284483 0.008621 0.491379 0.008621 0.060345 
0.742424 0.045455 0.045455 0.015152 0.015152 0.045455 0.015152 0.015152 0.045455 0.015152 
0.008065 0.008065 0.298387 0.556452 0.008065 0.056452 0.024194 0.024194 0.008065 0.008065 
0.095745 0.691489 0.010638 0.010638 0.010638 0.010638 0.074468 0.053191 0.010638 0.031915 
0.032609 0.004658 0.082298 0.141304 0.020186 0.029503 0.013975 0.072981 0.079193 0.523292 
0.039474 0.828947 0.013158 0.013158 0.013158 0.013158 0.013158 0.039474 0.013158 0.013158 
0.009804 0.009804 0.009804 0.186275 0.009804 0.029412 0.009804 0.637255 0.009804 0.088235 
0.704545 0.068182 0.022727 0.022727 0.022727 0.022727 0.022727 0.068182 0.022727 0.022727 
0.017241 0.017241 0.017241 0.017241 0.017241 0.017241 0.017241 0.844828 0.017241 0.017241 
0.002809 0.002809 0.087079 0.058989 0.002809 0.008427 0.008427 0.036517 0.042135 0.750000 
0.002193 0.002193 0.958333 0.002193 0.002193 0.002193 0.002193 0.002193 0.002193 0.024123 
0.026316 0.026316 0.026316 0.026316 0.657895 0.026316 0.026316 0.026316 0.131579 0.026316 
0.642857 0.071429 0.023810 0.071429 0.023810 0.023810 0.023810 0.023810 0.023810 0.071429 
0.097015 0.007463 0.007463 0.007463 0.694030 0.007463 0.007463 0.097015 0.052239 0.022388 
0.065789 0.039474 0.013158 0.065789 0.671053 0.065789 0.039474 0.013158 0.013158 0.013158 
0.007463 0.216418 0.470149 0.097015 0.007463 0.007463 0.007463 0.156716 0.007463 0.022388 
0.008929 0.205357 0.133929 0.026786 0.187500 0.258929 0.008929 0.044643 0.044643 0.080357 
0.004464 0.004464 0.075893 0.022321 0.102679 0.540179 0.022321 0.004464 0.022321 0.200893 
0.026316 0.605263 0.008772 0.008772 0.026316 0.008772 0.149123 0.026316 0.043860 0.096491 
0.005556 0.005556 0.005556 0.005556 0.938889 0.005556 0.005556 0.016667 0.005556 0.005556 
0.002451 0.022059 0.845588 0.012255 0.002451 0.046569 0.031863 0.026961 0.002451 0.007353 
0.004032 0.197581 0.729839 0.004032 0.004032 0.028226 0.004032 0.004032 0.020161 0.004032 
0.660714 0.017857 0.053571 0.017857 0.017857 0.017857 0.017857 0.017857 0.160714 0.017857 
0.026786 0.032738 0.002976 0.229167 0.211310 0.104167 0.020833 0.014881 0.151786 0.205357 
0.017241 0.051724 0.017241 0.017241 0.017241 0.017241 0.810345 0.017241 0.017241 0.017241 
0.003289 0.055921 0.029605 0.049342 0.016447 0.016447 0.009868 0.003289 0.009868 0.805921 
0.717391 0.065217 0.021739 0.021739 0.021739 0.021739 0.021739 0.021739 0.065217 0.021739 
0.012195 0.012195 0.036585 0.621951 0.012195 0.012195 0.060976 0.036585 0.036585 0.158537 
0.011364 0.011364 0.011364 0.011364 0.829545 0.034091 0.011364 0.011364 0.056818 0.011364 
0.590278 0.048611 0.006944 0.034722 0.006944 0.006944 0.034722 0.006944 0.256944 0.006944 
0.175676 0.013514 0.013514 0.013514 0.689189 0.013514 0.013514 0.013514 0.040541 0.013514 
0.023810 0.023810 0.023810 0.023810 0.785714 0.023810 0.023810 0.023810 0.023810 0.023810 
0.045455 0.045455 0.015152 0.742424 0.015152 0.015152 0.015152 0.015152 0.075758 0.015152 
0.595238 0.023810 0.023810 0.023810 0.214286 0.023810 0.023810 0.023810 0.023810 0.023810 
0.008065 0.008065 0.088710 0.830645 0.024194 0.008065 0.008065 0.008065 0.008065 0.008065 
0.780000 0.020000 0.020000 0.020000 0.020000 0.020000 0.020000 0.020000 0.060000 0.020000 
0.008929 0.098214 0.044643 0.008929 0.008929 0.008929 0.080357 0.383929 0.044643 0.312500 
0.007282 0.002427 0.939320 0.012136 0.002427 0.007282 0.002427 0.002427 0.002427 0.021845 
0.010870 0.010870 0.010870 0.054348 0.010870 0.010870 0.010870 0.010870 0.815217 0.054348 
0.005102 0.015306 0.525510 0.382653 0.005102 0.005102 0.005102 0.005102 0.025510 0.025510 
0.009804 0.029412 0.009804 0.009804 0.852941 0.009804 0.009804 0.049020 0.009804 0.009804 
0.089744 0.679487 0.012821 0.012821 0.064103 0.012821 0.012821 0.012821 0.064103 0.038462 
0.357143 0.071429 0.071429 0.071429 0.071429 0.071429 0.071429 0.071429 0.071429 0.071429 
0.029412 0.001730 0.001730 0.001730 0.001730 0.115917 0.112457 0.313149 0.001730 0.420415 
0.021739 0.021739 0.021739 0.021739 0.021739 0.021739 0.021739 0.021739 0.804348 0.021739 
0.071429 0.014286 0.014286 0.014286 0.014286 0.757143 0.042857 0.042857 0.014286 0.014286 
0.011905 0.011905 0.011905 0.035714 0.011905 0.011905 0.488095 0.011905 0.011905 0.392857 
0.013889 0.002778 0.619444 0.002778 0.002778 0.008333 0.341667 0.002778 0.002778 0.002778 
0.047368 0.005263 0.015789 0.500000 0.005263 0.026316 0.363158 0.005263 0.005263 0.026316 
0.008475 0.008475 0.008475 0.805085 0.059322 0.025424 0.008475 0.008475 0.059322 0.008475 
0.008621 0.008621 0.577586 0.318966 0.008621 0.025862 0.008621 0.008621 0.008621 0.025862 
0.017241 0.017241 0.017241 0.327586 0.086207 0.051724 0.086207 0.017241 0.017241 0.362069 
0.007246 0.007246 0.007246 0.007246 0.007246 0.166667 0.065217 0.442029 0.007246 0.282609 
0.073529 0.014706 0.073529 0.161765 0.014706 0.014706 0.544118 0.044118 0.044118 0.014706 
0.013158 0.013158 0.013158 0.013158 0.855263 0.013158 0.013158 0.013158 0.039474 0.013158 
0.122222 0.011111 0.011111 0.011111 0.766667 0.011111 0.011111 0.033333 0.011111 0.011111 
0.020000 0.060000 0.300000 0.420000 0.060000 0.020000 0.020000 0.020000 0.020000 0.060000 
0.004132 0.004132 0.012397 0.004132 0.004132 0.632231 0.219008 0.012397 0.012397 0.095041 
0.007692 0.561538 0.007692 0.007692 0.007692 0.192308 0.023077 0.069231 0.023077 0.100000 
0.002551 0.002551 0.492347 0.155612 0.002551 0.012755 0.007653 0.007653 0.313776 0.002551 
0.006757 0.006757 0.006757 0.020270 0.006757 0.006757 0.006757 0.858108 0.060811 0.020270 
0.030612 0.010204 0.010204 0.071429 0.234694 0.010204 0.030612 0.010204 0.071429 0.520408 
0.020833 0.020833 0.020833 0.020833 0.770833 0.062500 0.020833 0.020833 0.020833 0.020833 
0.023810 0.023810 0.119048 0.023810 0.023810 0.023810 0.023810 0.023810 0.023810 0.690476 
0.021212 0.057576 0.221212 0.215152 0.003030 0.451515 0.003030 0.003030 0.015152 0.009091 
0.007463 0.007463 0.305970 0.425373 0.007463 0.007463 0.007463 0.022388 0.022388 0.186567 
0.027426 0.061181 0.048523 0.023207 0.078059 0.069620 0.027426 0.107595 0.044304 0.512658 
0.003378 0.016892 0.125000 0.077703 0.010135 0.753378 0.003378 0.003378 0.003378 0.003378 
0.007353 0.022059 0.022059 0.845588 0.036765 0.007353 0.007353 0.007353 0.022059 0.022059 
0.006579 0.532895 0.032895 0.006579 0.006579 0.138158 0.019737 0.164474 0.032895 0.059211 
0.006494 0.002165 0.019481 0.015152 0.015152 0.192641 0.357143 0.110390 0.006494 0.274892 
0.642857 0.023810 0.071429 0.023810 0.119048 0.023810 0.023810 0.023810 0.023810 0.023810 
0.055556 0.018519 0.537037 0.018519 0.018519 0.055556 0.018519 0.166667 0.055556 0.055556 
0.008621 0.008621 0.008621 0.836207 0.094828 0.008621 0.008621 0.008621 0.008621 0.008621 
0.012500 0.737500 0.037500 0.037500 0.012500 0.037500 0.037500 0.062500 0.012500 0.012500 
0.032995 0.195431 0.073604 0.012690 0.017766 0.002538 0.012690 0.048223 0.545685 0.058376 
0.020000 0.006667 0.353333 0.553333 0.006667 0.006667 0.020000 0.006667 0.006667 0.020000 
0.770833 0.020833 0.020833 0.062500 0.020833 0.020833 0.020833 0.020833 0.020833 0.020833 
0.004630 0.199074 0.069444 0.023148 0.199074 0.013889 0.004630 0.004630 0.050926 0.430556 
0.007692 0.546154 0.176923 0.007692 0.023077 0.007692 0.038462 0.038462 0.038462 0.115385 
0.021739 0.021739 0.021739 0.021739 0.021739 0.021739 0.108696 0.021739 0.021739 0.717391 
0.007246 0.036232 0.195652 0.398551 0.007246 0.137681 0.007246 0.195652 0.007246 0.007246 
0.013761 0.022936 0.077982 0.068807 0.004587 0.013761 0.004587 0.004587 0.655963 0.133028 
0.013514 0.040541 0.013514 0.013514 0.851351 0.013514 0.013514 0.013514 0.013514 0.013514 
0.030000 0.010000 0.030000 0.010000 0.010000 0.110000 0.010000 0.010000 0.010000 0.770000 
0.023810 0.023810 0.595238 0.214286 0.023810 0.023810 0.023810 0.023810 0.023810 0.023810 
0.021429 0.007143 0.078571 0.650000 0.007143 0.007143 0.050000 0.007143 0.021429 0.150000 
0.001880 0.065789 0.159774 0.377820 0.046992 0.246241 0.001880 0.009398 0.001880 0.088346 
0.039414 0.050676 0.203829 0.570946 0.003378 0.014640 0.021396 0.014640 0.041667 0.039414 
0.018519 0.018519 0.018519 0.018519 0.722222 0.018519 0.018519 0.129630 0.018519 0.018519 
0.041667 0.125000 0.141667 0.025000 0.025000 0.275000 0.008333 0.008333 0.308333 0.041667 
0.060345 0.008621 0.163793 0.043103 0.008621 0.060345 0.577586 0.008621 0.008621 0.060345 
0.157143 0.700000 0.014286 0.014286 0.014286 0.042857 0.014286 0.014286 0.014286 0.014286 
0.017857 0.053571 0.017857 0.053571 0.696429 0.017857 0.017857 0.017857 0.089286 0.017857 
0.004854 0.014563 0.286408 0.033981 0.004854 0.033981 0.189320 0.160194 0.024272 0.247573 
0.071429 0.128571 0.014286 0.014286 0.700000 0.014286 0.014286 0.014286 0.014286 0.014286 
0.001754 0.001754 0.005263 0.254386 0.022807 0.194737 0.373684 0.029825 0.040351 0.075439 
0.016667 0.016667 0.016667 0.016667 0.016667 0.050000 0.783333 0.016667 0.050000 0.016667 
0.041284 0.270642 0.041284 0.041284 0.160550 0.059633 0.059633 0.133028 0.004587 0.188073 
0.005556 0.038889 0.238889 0.005556 0.005556 0.116667 0.005556 0.005556 0.005556 0.572222 
0.105634 0.021127 0.049296 0.007042 0.316901 0.007042 0.007042 0.007042 0.021127 0.457746 
0.021739 0.021739 0.021739 0.021739 0.804348 0.021739 0.021739 0.021739 0.021739 0.021739 
0.005376 0.001792 0.367384 0.464158 0.001792 0.012545 0.012545 0.012545 0.001792 0.120072 
0.010949 0.003650 0.602190 0.339416 0.010949 0.018248 0.003650 0.003650 0.003650 0.003650 
0.022727 0.013636 0.186364 0.113636 0.004545 0.004545 0.004545 0.013636 0.313636 0.322727 
0.004386 0.030702 0.065789 0.083333 0.004386 0.057018 0.004386 0.030702 0.644737 0.074561 
0.008621 0.008621 0.663793 0.008621 0.008621 0.043103 0.008621 0.008621 0.025862 0.215517 
0.057065 0.046196 0.057065 0.138587 0.024457 0.002717 0.002717 0.578804 0.013587 0.078804 
0.003876 0.042636 0.740310 0.120155 0.011628 0.011628 0.003876 0.019380 0.003876 0.042636 
0.016667 0.250000 0.016667 0.016667 0.050000 0.050000 0.116667 0.016667 0.316667 0.150000 
0.020161 0.044355 0.286290 0.004032 0.020161 0.375000 0.076613 0.004032 0.028226 0.141129 
0.017241 0.155172 0.086207 0.017241 0.017241 0.017241 0.051724 0.603448 0.017241 0.017241 
0.114679 0.252294 0.022936 0.022936 0.022936 0.004587 0.004587 0.096330 0.454128 0.004587 
0.451220 0.012195 0.036585 0.036585 0.012195 0.036585 0.012195 0.256098 0.134146 0.012195 
0.008475 0.245763 0.008475 0.008475 0.008475 0.008475 0.008475 0.008475 0.669492 0.025424 
0.011364 0.170455 0.215909 0.056818 0.056818 0.056818 0.306818 0.034091 0.011364 0.079545 
0.006098 0.054878 0.050813 0.002033 0.002033 0.063008 0.006098 0.436992 0.359756 0.018293 
0.029412 0.735294 0.029412 0.029412 0.029412 0.029412 0.029412 0.029412 0.029412 0.029412 
0.006410 0.288462 0.006410 0.006410 0.006410 0.006410 0.006410 0.006410 0.660256 0.006410 
0.053846 0.007692 0.023077 0.038462 0.007692 0.007692 0.823077 0.007692 0.023077 0.007692 
0.075758 0.085859 0.005051 0.005051 0.681818 0.015152 0.065657 0.005051 0.005051 0.055556 
0.035433 0.003937 0.098425 0.759843 0.003937 0.003937 0.027559 0.003937 0.003937 0.059055 
0.017045 0.005682 0.107955 0.028409 0.005682 0.176136 0.562500 0.051136 0.017045 0.028409 
0.106061 0.015152 0.196970 0.378788 0.166667 0.015152 0.015152 0.045455 0.045455 0.015152 
0.003676 0.466912 0.194853 0.011029 0.018382 0.209559 0.011029 0.003676 0.069853 0.011029 
0.060000 0.020000 0.020000 0.020000 0.020000 0.100000 0.540000 0.020000 0.180000 0.020000 
0.010870 0.010870 0.010870 0.032609 0.858696 0.032609 0.010870 0.010870 0.010870 0.010870 
0.008333 0.008333 0.175000 0.025000 0.008333 0.308333 0.008333 0.358333 0.091667 0.008333 
0.011364 0.170455 0.011364 0.011364 0.011364 0.011364 0.011364 0.011364 0.738636 0.011364 
0.009615 0.009615 0.009615 0.009615 0.913462 0.009615 0.009615 0.009615 0.009615 0.009615 
0.008824 0.002941 0.338235 0.608824 0.002941 0.002941 0.002941 0.002941 0.002941 0.026471 
0.087662 0.016234 0.068182 0.237013 0.172078 0.022727 0.003247 0.003247 0.198052 0.191558 
0.003247 0.003247 0.068182 0.094156 0.016234 0.704545 0.055195 0.003247 0.009740 0.042208 
0.018519 0.055556 0.055556 0.018519 0.018519 0.018519 0.092593 0.018519 0.685185 0.018519 
0.012195 0.012195 0.012195 0.012195 0.865854 0.036585 0.012195 0.012195 0.012195 0.012195 
0.228814 0.483051 0.008475 0.110169 0.059322 0.008475 0.008475 0.008475 0.025424 0.059322 
0.018248 0.427007 0.149635 0.010949 0.010949 0.032847 0.120438 0.003650 0.222628 0.003650 
0.008475 0.008475 0.144068 0.076271 0.008475 0.025424 0.025424 0.686441 0.008475 0.008475 
0.011628 0.546512 0.034884 0.011628 0.034884 0.034884 0.034884 0.220930 0.034884 0.034884 
0.011905 0.035714 0.011905 0.035714 0.845238 0.011905 0.011905 0.011905 0.011905 0.011905 
0.016667 0.050000 0.016667 0.016667 0.016667 0.016667 0.583333 0.250000 0.016667 0.016667 
0.019231 0.057692 0.057692 0.006410 0.006410 0.006410 0.019231 0.006410 0.801282 0.019231 
0.006410 0.019231 0.416667 0.006410 0.006410 0.006410 0.467949 0.019231 0.006410 0.044872 
0.006250 0.006250 0.047917 0.031250 0.027083 0.514583 0.027083 0.310417 0.002083 0.027083 
0.002273 0.006818 0.570455 0.034091 0.011364 0.102273 0.075000 0.038636 0.015909 0.143182 
0.648148 0.055556 0.018519 0.018519 0.055556 0.018519 0.018519 0.018519 0.018519 0.129630 
0.007812 0.007812 0.039062 0.039062 0.007812 0.820312 0.007812 0.007812 0.007812 0.054688 
0.004098 0.135246 0.782787 0.004098 0.012295 0.012295 0.004098 0.004098 0.012295 0.028689 
0.012821 0.012821 0.012821 0.012821 0.884615 0.012821 0.012821 0.012821 0.012821 0.012821 
0.628205 0.217949 0.038462 0.038462 0.012821 0.012821 0.012821 0.012821 0.012821 0.012821 
0.017241 0.017241 0.568966 0.155172 0.017241 0.017241 0.017241 0.155172 0.017241 0.017241 
0.017241 0.017241 0.086207 0.775862 0.017241 0.017241 0.017241 0.017241 0.017241 0.017241 
0.640625 0.015625 0.015625 0.015625 0.078125 0.015625 0.140625 0.015625 0.015625 0.046875 
0.008772 0.043860 0.517544 0.026316 0.061404 0.008772 0.008772 0.008772 0.008772 0.307018 
0.003937 0.043307 0.405512 0.019685 0.019685 0.003937 0.476378 0.003937 0.011811 0.011811 
0.004000 0.004000 0.052000 0.004000 0.004000 0.020000 0.324000 0.164000 0.004000 0.420000 
0.004310 0.012931 0.314655 0.599138 0.004310 0.004310 0.004310 0.012931 0.004310 0.038793 
0.014706 0.426471 0.014706 0.044118 0.102941 0.014706 0.014706 0.073529 0.014706 0.279412 
0.013889 0.013889 0.013889 0.013889 0.875000 0.013889 0.013889 0.013889 0.013889 0.013889 
0.460000 0.020000 0.060000 0.020000 0.060000 0.060000 0.020000 0.220000 0.060000 0.020000 
0.014451 0.453757 0.002890 0.193642 0.002890 0.002890 0.008671 0.014451 0.228324 0.078035 
0.076087 0.010870 0.010870 0.076087 0.010870 0.010870 0.010870 0.010870 0.010870 0.771739 
0.022388 0.007463 0.007463 0.007463 0.037313 0.007463 0.022388 0.022388 0.813433 0.052239 
0.083333 0.683333 0.016667 0.016667 0.016667 0.016667 0.050000 0.016667 0.050000 0.050000 
0.033333 0.033333 0.033333 0.033333 0.633333 0.033333 0.033333 0.033333 0.100000 0.033333 
0.011905 0.011905 0.011905 0.011905 0.035714 0.011905 0.869048 0.011905 0.011905 0.011905 
0.014286 0.004762 0.147619 0.080952 0.014286 0.023810 0.138095 0.452381 0.004762 0.119048 
0.016667 0.016667 0.016667 0.016667 0.316667 0.016667 0.250000 0.016667 0.016667 0.316667 
0.006494 0.084416 0.448052 0.032468 0.006494 0.344156 0.045455 0.006494 0.006494 0.019481 
0.180000 0.020000 0.020000 0.020000 0.020000 0.020000 0.020000 0.660000 0.020000 0.020000 
0.013158 0.013158 0.013158 0.776316 0.039474 0.013158 0.065789 0.039474 0.013158 0.013158 
0.022727 0.022727 0.022727 0.022727 0.795455 0.022727 0.022727 0.022727 0.022727 0.022727 
0.123377 0.071429 0.058442 0.084416 0.006494 0.006494 0.006494 0.616883 0.019481 0.006494 
0.141509 0.009434 0.028302 0.009434 0.764151 0.009434 0.009434 0.009434 0.009434 0.009434 
0.007937 0.039683 0.388889 0.023810 0.023810 0.071429 0.277778 0.119048 0.039683 0.007937 
0.033333 0.233333 0.033333 0.033333 0.433333 0.033333 0.033333 0.033333 0.033333 0.100000 
0.013889 0.458333 0.013889 0.041667 0.013889 0.013889 0.013889 0.291667 0.013889 0.125000 
0.005208 0.005208 0.005208 0.005208 0.005208 0.057292 0.890625 0.015625 0.005208 0.005208 
0.004630 0.041667 0.004630 0.004630 0.384259 0.004630 0.050926 0.236111 0.087963 0.180556 
0.005263 0.005263 0.005263 0.005263 0.005263 0.889474 0.057895 0.015789 0.005263 0.005263 
0.016854 0.050562 0.028090 0.005618 0.016854 0.264045 0.443820 0.129213 0.028090 0.016854 
0.015152 0.015152 0.015152 0.015152 0.833333 0.015152 0.015152 0.015152 0.015152 0.045455 
0.157143 0.071429 0.242857 0.100000 0.300000 0.014286 0.042857 0.014286 0.042857 0.014286 
0.018072 0.572289 0.030120 0.006024 0.018072 0.210843 0.066265 0.030120 0.030120 0.018072 
0.763158 0.026316 0.026316 0.026316 0.026316 0.026316 0.026316 0.026316 0.026316 0.026316 
0.006410 0.032051 0.019231 0.006410 0.006410 0.044872 0.198718 0.634615 0.044872 0.006410 
0.004274 0.004274 0.431624 0.012821 0.012821 0.098291 0.021368 0.311966 0.072650 0.029915 
0.006944 0.002315 0.196759 0.002315 0.002315 0.108796 0.659722 0.002315 0.016204 0.002315 
0.012195 0.000642 0.324134 0.044288 0.009628 0.517972 0.066110 0.000642 0.000642 0.023748 
0.013514 0.121622 0.013514 0.013514 0.770270 0.013514 0.013514 0.013514 0.013514 0.013514 
0.031646 0.001266 0.325316 0.094937 0.006329 0.173418 0.006329 0.001266 0.001266 0.358228 
0.009091 0.009091 0.009091 0.009091 0.590909 0.009091 0.009091 0.336364 0.009091 0.009091 
0.007692 0.007692 0.007692 0.007692 0.007692 0.007692 0.900000 0.007692 0.038462 0.007692 
0.041045 0.003731 0.115672 0.003731 0.003731 0.026119 0.406716 0.018657 0.003731 0.376866 
0.150000 0.016667 0.050000 0.016667 0.516667 0.050000 0.050000 0.050000 0.050000 0.050000 
0.004808 0.004808 0.014423 0.024038 0.004808 0.004808 0.062500 0.764423 0.014423 0.100962 
0.010870 0.054348 0.032609 0.010870 0.010870 0.010870 0.076087 0.510870 0.010870 0.271739 
0.050000 0.350000 0.092857 0.007143 0.007143 0.021429 0.007143 0.007143 0.435714 0.021429 
0.021739 0.021739 0.239130 0.543478 0.021739 0.065217 0.021739 0.021739 0.021739 0.021739 
0.004717 0.004717 0.155660 0.721698 0.004717 0.004717 0.004717 0.004717 0.014151 0.080189 
0.053571 0.053571 0.017857 0.017857 0.482143 0.017857 0.017857 0.017857 0.196429 0.125000 
0.011364 0.056818 0.011364 0.011364 0.602273 0.011364 0.011364 0.011364 0.011364 0.261364 
0.014286 0.042857 0.014286 0.014286 0.757143 0.014286 0.042857 0.014286 0.071429 0.014286 
0.405172 0.008621 0.008621 0.008621 0.301724 0.025862 0.008621 0.025862 0.146552 0.060345 
0.010067 0.352349 0.278523 0.090604 0.003356 0.036913 0.023490 0.003356 0.197987 0.003356 
0.015000 0.455000 0.005000 0.115000 0.265000 0.005000 0.005000 0.045000 0.005000 0.085000 
0.013514 0.391892 0.013514 0.013514 0.013514 0.013514 0.013514 0.013514 0.500000 0.013514 
0.002717 0.149457 0.067935 0.002717 0.002717 0.002717 0.214674 0.453804 0.035326 0.067935 
0.016129 0.016129 0.016129 0.016129 0.790323 0.016129 0.048387 0.048387 0.016129 0.016129 
0.010204 0.010204 0.010204 0.010204 0.010204 0.010204 0.010204 0.030612 0.010204 0.887755 
0.416667 0.050000 0.016667 0.050000 0.283333 0.016667 0.016667 0.083333 0.050000 0.016667 
0.642857 0.023810 0.023810 0.023810 0.071429 0.023810 0.023810 0.023810 0.071429 0.071429 
0.210280 0.014019 0.004673 0.387850 0.088785 0.116822 0.023364 0.023364 0.107477 0.023364 
0.006579 0.006579 0.006579 0.006579 0.940789 0.006579 0.006579 0.006579 0.006579 0.006579 
0.003937 0.003937 0.027559 0.224409 0.003937 0.003937 0.043307 0.043307 0.027559 0.618110 
0.004225 0.071831 0.125352 0.026761 0.004225 0.021127 0.007042 0.001408 0.669014 0.069014 
0.008475 0.008475 0.008475 0.008475 0.805085 0.025424 0.110169 0.008475 0.008475 0.008475 
0.034884 0.127907 0.011628 0.034884 0.011628 0.593023 0.151163 0.011628 0.011628 0.011628 
0.009091 0.009091 0.045455 0.045455 0.009091 0.318182 0.427273 0.009091 0.009091 0.118182 
0.006098 0.530488 0.006098 0.103659 0.018293 0.006098 0.140244 0.030488 0.140244 0.018293 
0.004274 0.029915 0.277778 0.021368 0.004274 0.448718 0.175214 0.029915 0.004274 0.004274 
0.001475 0.001475 0.340708 0.561947 0.001475 0.042773 0.001475 0.001475 0.010324 0.036873 
0.537500 0.012500 0.012500 0.012500 0.187500 0.012500 0.012500 0.062500 0.037500 0.112500 
0.357143 0.071429 0.071429 0.071429 0.071429 0.071429 0.071429 0.071429 0.071429 0.071429 
0.029412 0.029412 0.088235 0.617647 0.029412 0.088235 0.029412 0.029412 0.029412 0.029412 
0.025000 0.075000 0.025000 0.025000 0.625000 0.025000 0.025000 0.025000 0.125000 0.025000 
0.026316 0.026316 0.026316 0.078947 0.710526 0.026316 0.026316 0.026316 0.026316 0.026316 
0.027778 0.027778 0.027778 0.027778 0.694444 0.027778 0.027778 0.083333 0.027778 0.027778 
0.015152 0.015152 0.045455 0.712121 0.045455 0.015152 0.045455 0.015152 0.075758 0.015152 
0.006494 0.019481 0.006494 0.006494 0.019481 0.006494 0.006494 0.006494 0.006494 0.915584 
0.540000 0.220000 0.020000 0.060000 0.020000 0.020000 0.020000 0.020000 0.020000 0.060000 
0.014286 0.014286 0.014286 0.014286 0.842857 0.014286 0.014286 0.042857 0.014286 0.014286 
0.019481 0.110390 0.019481 0.032468 0.006494 0.551948 0.006494 0.240260 0.006494 0.006494 
0.001645 0.031250 0.100329 0.001645 0.001645 0.310855 0.429276 0.001645 0.004934 0.116776 
0.517857 0.196429 0.017857 0.017857 0.017857 0.017857 0.017857 0.053571 0.125000 0.017857 
0.007772 0.049223 0.769430 0.018135 0.002591 0.069948 0.002591 0.002591 0.064767 0.012953 
0.020000 0.020000 0.020000 0.020000 0.020000 0.020000 0.700000 0.020000 0.140000 0.020000 
0.054688 0.210938 0.054688 0.007812 0.007812 0.007812 0.070312 0.460938 0.054688 0.070312 
0.009804 0.049020 0.009804 0.088235 0.127451 0.009804 0.009804 0.009804 0.029412 0.656863 
0.008982 0.002994 0.074850 0.338323 0.002994 0.002994 0.523952 0.032934 0.008982 0.002994 
0.038462 0.012821 0.064103 0.012821 0.012821 0.012821 0.012821 0.115385 0.012821 0.705128 
0.013393 0.004464 0.031250 0.031250 0.049107 0.227679 0.075893 0.522321 0.040179 0.004464 
0.004808 0.004808 0.216346 0.024038 0.043269 0.264423 0.379808 0.014423 0.024038 0.024038 
0.009091 0.009091 0.009091 0.827273 0.100000 0.009091 0.009091 0.009091 0.009091 0.009091 
0.005263 0.005263 0.489474 0.005263 0.005263 0.384211 0.036842 0.015789 0.047368 0.005263 
0.012821 0.012821 0.012821 0.012821 0.012821 0.012821 0.038462 0.064103 0.012821 0.807692 
0.310811 0.013514 0.013514 0.040541 0.202703 0.013514 0.040541 0.013514 0.013514 0.337838 
0.012195 0.012195 0.012195 0.012195 0.890244 0.012195 0.012195 0.012195 0.012195 0.012195 
0.198630 0.102740 0.006849 0.006849 0.061644 0.020548 0.006849 0.061644 0.075342 0.458904 
0.075758 0.772727 0.015152 0.015152 0.045455 0.015152 0.015152 0.015152 0.015152 0.015152 
0.018519 0.018519 0.018519 0.018519 0.055556 0.018519 0.018519 0.018519 0.018519 0.796296 
0.015152 0.015152 0.015152 0.015152 0.015152 0.015152 0.075758 0.075758 0.742424 0.015152 
0.037500 0.012500 0.012500 0.012500 0.812500 0.012500 0.012500 0.062500 0.012500 0.012500 
0.016026 0.060897 0.394231 0.278846 0.003205 0.060897 0.009615 0.003205 0.028846 0.144231 
0.763158 0.026316 0.026316 0.026316 0.026316 0.026316 0.026316 0.026316 0.026316 0.026316 
0.017241 0.017241 0.017241 0.672414 0.017241 0.051724 0.017241 0.051724 0.017241 0.120690 
0.027778 0.083333 0.027778 0.027778 0.527778 0.027778 0.027778 0.138889 0.027778 0.083333 
0.021739 0.500000 0.021739 0.021739 0.065217 0.021739 0.021739 0.021739 0.282609 0.021739 
0.009434 0.707547 0.066038 0.009434 0.009434 0.028302 0.009434 0.103774 0.047170 0.009434 
0.098485 0.143939 0.068182 0.159091 0.083333 0.007576 0.007576 0.007576 0.053030 0.371212 
0.009259 0.009259 0.027778 0.027778 0.009259 0.009259 0.046296 0.805556 0.046296 0.009259 
0.023810 0.071429 0.119048 0.023810 0.642857 0.023810 0.023810 0.023810 0.023810 0.023810 
0.014286 0.242857 0.014286 0.185714 0.242857 0.071429 0.157143 0.014286 0.042857 0.014286 
0.493243 0.047297 0.074324 0.074324 0.006757 0.006757 0.020270 0.006757 0.263514 0.006757 
0.100000 0.611111 0.011111 0.033333 0.033333 0.011111 0.011111 0.033333 0.144444 0.011111 
0.014706 0.750000 0.014706 0.014706 0.102941 0.044118 0.014706 0.014706 0.014706 0.014706 
0.012821 0.038462 0.038462 0.012821 0.833333 0.012821 0.012821 0.012821 0.012821 0.012821 
0.017241 0.017241 0.086207 0.017241 0.017241 0.017241 0.017241 0.017241 0.741379 0.051724 
0.010870 0.010870 0.010870 0.010870 0.010870 0.032609 0.010870 0.010870 0.858696 0.032609 
0.009434 0.047170 0.575472 0.009434 0.009434 0.122642 0.198113 0.009434 0.009434 0.009434 
0.026316 0.026316 0.026316 0.026316 0.710526 0.026316 0.026316 0.078947 0.026316 0.026316 
0.007463 0.186567 0.201493 0.007463 0.042289 0.246269 0.077114 0.047264 0.002488 0.181592 
0.006098 0.006098 0.006098 0.006098 0.932927 0.006098 0.006098 0.018293 0.006098 0.006098 
0.023810 0.023810 0.023810 0.785714 0.023810 0.023810 0.023810 0.023810 0.023810 0.023810 
0.005000 0.005000 0.005000 0.855000 0.005000 0.005000 0.015000 0.075000 0.005000 0.025000 
0.005263 0.005263 0.005263 0.005263 0.005263 0.026316 0.826316 0.005263 0.005263 0.110526 
0.114583 0.010417 0.010417 0.010417 0.781250 0.010417 0.031250 0.010417 0.010417 0.010417 
0.008065 0.782258 0.008065 0.024194 0.008065 0.024194 0.008065 0.008065 0.120968 0.008065 
0.028864 0.025140 0.280261 0.317505 0.002793 0.015829 0.000931 0.073557 0.015829 0.239292 
0.785714 0.023810 0.023810 0.023810 0.023810 0.023810 0.023810 0.023810 0.023810 0.023810 
0.007353 0.007353 0.272059 0.566176 0.007353 0.007353 0.007353 0.036765 0.007353 0.080882 
0.036585 0.036585 0.109756 0.012195 0.012195 0.036585 0.695122 0.012195 0.012195 0.036585 
0.006098 0.054878 0.201220 0.006098 0.006098 0.006098 0.603659 0.018293 0.006098 0.091463 
0.008929 0.651786 0.205357 0.008929 0.008929 0.026786 0.008929 0.008929 0.044643 0.026786 
0.012136 0.385922 0.133495 0.002427 0.016990 0.075243 0.060680 0.002427 0.308252 0.002427 
0.634615 0.019231 0.019231 0.019231 0.019231 0.019231 0.096154 0.019231 0.134615 0.019231 
0.011111 0.722222 0.011111 0.166667 0.011111 0.011111 0.011111 0.011111 0.011111 0.033333 
0.018519 0.351852 0.006173 0.018519 0.216049 0.067901 0.030864 0.006173 0.043210 0.240741 
0.048077 0.355769 0.009615 0.125000 0.009615 0.375000 0.009615 0.009615 0.048077 0.009615 
0.018519 0.018519 0.018519 0.018519 0.833333 0.018519 0.018519 0.018519 0.018519 0.018519 
0.035714 0.011905 0.011905 0.011905 0.107143 0.035714 0.011905 0.107143 0.011905 0.654762 
0.020833 0.020833 0.020833 0.604167 0.062500 0.020833 0.020833 0.020833 0.020833 0.187500 
0.017857 0.017857 0.017857 0.017857 0.803571 0.017857 0.017857 0.017857 0.053571 0.017857 
0.015152 0.742424 0.015152 0.015152 0.045455 0.015152 0.015152 0.075758 0.045455 0.015152 
0.009804 0.009804 0.088235 0.754902 0.029412 0.009804 0.009804 0.009804 0.009804 0.068627 
0.020833 0.062500 0.020833 0.020833 0.770833 0.020833 0.020833 0.020833 0.020833 0.020833 
0.008333 0.008333 0.008333 0.025000 0.008333 0.075000 0.008333 0.025000 0.825000 0.008333 
0.009091 0.009091 0.045455 0.009091 0.009091 0.009091 0.009091 0.009091 0.009091 0.881818 
0.037879 0.007576 0.022727 0.007576 0.871212 0.007576 0.007576 0.022727 0.007576 0.007576 
0.005952 0.482143 0.005952 0.005952 0.148810 0.005952 0.005952 0.041667 0.017857 0.279762 
0.003030 0.003030 0.027273 0.003030 0.106061 0.003030 0.021212 0.390909 0.348485 0.093939 
0.064103 0.123932 0.047009 0.012821 0.158120 0.004274 0.004274 0.004274 0.047009 0.534188 
0.009091 0.372727 0.063636 0.045455 0.009091 0.063636 0.063636 0.009091 0.263636 0.100000 
0.009434 0.009434 0.009434 0.707547 0.066038 0.009434 0.047170 0.028302 0.009434 0.103774 
0.065789 0.013158 0.013158 0.013158 0.486842 0.013158 0.039474 0.065789 0.039474 0.250000 
0.004167 0.012500 0.204167 0.070833 0.004167 0.020833 0.012500 0.004167 0.004167 0.662500 
0.022727 0.159091 0.068182 0.022727 0.613636 0.022727 0.022727 0.022727 0.022727 0.022727 
0.029412 0.068627 0.009804 0.009804 0.009804 0.127451 0.068627 0.598039 0.068627 0.009804 
0.017241 0.051724 0.017241 0.086207 0.086207 0.017241 0.017241 0.017241 0.017241 0.672414 
0.043860 0.429825 0.008772 0.008772 0.026316 0.043860 0.008772 0.377193 0.008772 0.043860 
0.019685 0.003937 0.019685 0.594488 0.090551 0.003937 0.027559 0.011811 0.003937 0.224409 
0.009259 0.212963 0.027778 0.009259 0.138889 0.009259 0.009259 0.064815 0.064815 0.453704 
0.001529 0.004587 0.019878 0.756881 0.001529 0.074924 0.001529 0.019878 0.013761 0.105505 
0.054688 0.007812 0.398438 0.054688 0.007812 0.007812 0.273438 0.179688 0.007812 0.007812 
0.016129 0.016129 0.016129 0.016129 0.790323 0.016129 0.016129 0.016129 0.016129 0.080645 
0.004274 0.200855 0.038462 0.029915 0.004274 0.004274 0.012821 0.004274 0.696581 0.004274 
0.035714 0.007143 0.007143 0.078571 0.035714 0.078571 0.721429 0.007143 0.021429 0.007143 
0.008333 0.008333 0.025000 0.491667 0.025000 0.008333 0.375000 0.008333 0.008333 0.041667 
0.725000 0.025000 0.025000 0.075000 0.025000 0.025000 0.025000 0.025000 0.025000 0.025000 
0.011628 0.686047 0.011628 0.127907 0.011628 0.034884 0.034884 0.058140 0.011628 0.011628 
0.004425 0.022124 0.119469 0.004425 0.004425 0.137168 0.676991 0.004425 0.022124 0.004425 
0.004202 0.021008 0.004202 0.004202 0.004202 0.710084 0.012605 0.147059 0.012605 0.079832 
0.008475 0.025424 0.008475 0.008475 0.330508 0.110169 0.042373 0.330508 0.025424 0.110169 
0.065789 0.013158 0.013158 0.013158 0.776316 0.013158 0.013158 0.013158 0.065789 0.013158 
0.014706 0.014706 0.014706 0.014706 0.779412 0.044118 0.014706 0.073529 0.014706 0.014706 
0.004587 0.004587 0.059633 0.013761 0.004587 0.821101 0.004587 0.050459 0.022936 0.013761 
0.034884 0.058140 0.058140 0.011628 0.011628 0.011628 0.011628 0.011628 0.779070 0.011628 
0.562500 0.104167 0.020833 0.020833 0.020833 0.020833 0.020833 0.020833 0.020833 0.187500 
0.008333 0.008333 0.058333 0.058333 0.008333 0.008333 0.058333 0.008333 0.008333 0.775000 
0.035714 0.630952 0.011905 0.011905 0.011905 0.035714 0.083333 0.035714 0.059524 0.083333 
0.007353 0.875000 0.022059 0.022059 0.007353 0.007353 0.007353 0.007353 0.022059 0.022059 
0.007042 0.007042 0.007042 0.007042 0.021127 0.640845 0.007042 0.260563 0.007042 0.035211 
0.004274 0.012821 0.175214 0.423077 0.029915 0.106838 0.004274 0.004274 0.004274 0.235043 
0.021739 0.065217 0.021739 0.021739 0.760870 0.021739 0.021739 0.021739 0.021739 0.021739 
0.009804 0.029412 0.009804 0.833333 0.009804 0.009804 0.009804 0.029412 0.009804 0.049020 
0.025424 0.008475 0.008475 0.008475 0.008475 0.042373 0.686441 0.008475 0.008475 0.194915 
0.036232 0.137681 0.007246 0.036232 0.615942 0.007246 0.065217 0.007246 0.007246 0.079710 
0.738095 0.023810 0.023810 0.023810 0.023810 0.023810 0.023810 0.071429 0.023810 0.023810 
0.034351 0.301527 0.011450 0.026718 0.408397 0.003817 0.026718 0.003817 0.003817 0.179389 
0.671053 0.013158 0.013158 0.013158 0.013158 0.013158 0.013158 0.013158 0.197368 0.039474 
0.659091 0.022727 0.022727 0.022727 0.022727 0.022727 0.068182 0.068182 0.068182 0.022727 
0.381579 0.039474 0.039474 0.013158 0.302632 0.013158 0.013158 0.013158 0.092105 0.092105 
0.392857 0.011905 0.035714 0.035714 0.035714 0.011905 0.035714 0.011905 0.392857 0.035714 
0.013889 0.041667 0.013889 0.013889 0.847222 0.013889 0.013889 0.013889 0.013889 0.013889 
0.012195 0.002439 0.080488 0.046341 0.002439 0.012195 0.007317 0.012195 0.792683 0.031707 
0.053030 0.795455 0.053030 0.007576 0.007576 0.007576 0.007576 0.022727 0.037879 0.007576 
0.008929 0.008929 0.008929 0.830357 0.026786 0.008929 0.008929 0.008929 0.008929 0.080357 
0.012821 0.012821 0.012821 0.012821 0.858974 0.012821 0.012821 0.012821 0.012821 0.038462 
0.001916 0.005747 0.319923 0.273946 0.001916 0.005747 0.009579 0.005747 0.005747 0.369732 
0.002778 0.002778 0.002778 0.002778 0.002778 0.002778 0.019444 0.036111 0.002778 0.925000 
0.100000 0.100000 0.033333 0.033333 0.500000 0.033333 0.033333 0.100000 0.033333 0.033333 
0.008065 0.008065 0.040323 0.008065 0.008065 0.008065 0.008065 0.024194 0.879032 0.008065 
0.115385 0.576923 0.012821 0.038462 0.038462 0.038462 0.012821 0.038462 0.115385 0.012821 
0.024194 0.008065 0.040323 0.040323 0.201613 0.008065 0.411290 0.250000 0.008065 0.008065 
0.018519 0.018519 0.018519 0.611111 0.166667 0.018519 0.018519 0.092593 0.018519 0.018519 
0.008621 0.129310 0.043103 0.008621 0.060345 0.008621 0.008621 0.008621 0.715517 0.008621 
0.023810 0.023810 0.007937 0.055556 0.357143 0.023810 0.007937 0.007937 0.103175 0.388889 
0.028626 0.017176 0.017176 0.051527 0.013359 0.719466 0.013359 0.108779 0.005725 0.024809 
0.025000 0.025000 0.025000 0.025000 0.675000 0.025000 0.075000 0.025000 0.075000 0.025000 
0.005155 0.029210 0.256014 0.434708 0.025773 0.001718 0.008591 0.029210 0.008591 0.201031 
0.007353 0.007353 0.007353 0.007353 0.007353 0.007353 0.801471 0.007353 0.007353 0.139706 
0.006494 0.006494 0.149351 0.110390 0.006494 0.006494 0.642857 0.019481 0.045455 0.006494 
0.008333 0.008333 0.008333 0.025000 0.025000 0.008333 0.008333 0.891667 0.008333 0.008333 
0.019231 0.019231 0.057692 0.019231 0.788462 0.019231 0.019231 0.019231 0.019231 0.019231 
0.007692 0.007692 0.361538 0.561538 0.007692 0.007692 0.007692 0.007692 0.007692 0.023077 
0.011905 0.011905 0.011905 0.154762 0.059524 0.011905 0.011905 0.011905 0.059524 0.654762 
