0.004274 0.012821 0.012821 0.012821 0.012821 0.542735 0.004274 0.294872 0.055556 0.047009 
0.023810 0.007937 0.023810 0.007937 0.007937 0.055556 0.801587 0.007937 0.039683 0.023810 
0.021739 0.195652 0.021739 0.021739 0.021739 0.021739 0.065217 0.413043 0.021739 0.195652 
0.001377 0.012397 0.486226 0.337466 0.001377 0.001377 0.001377 0.001377 0.001377 0.155647 
0.085366 0.012195 0.060976 0.182927 0.036585 0.012195 0.304878 0.012195 0.280488 0.012195 
0.050000 0.083333 0.016667 0.116667 0.183333 0.016667 0.016667 0.050000 0.050000 0.416667 
0.004505 0.004505 0.031532 0.040541 0.013514 0.202703 0.572072 0.094595 0.013514 0.022523 
0.028000 0.044000 0.564000 0.260000 0.004000 0.012000 0.004000 0.004000 0.004000 0.076000 
0.007246 0.007246 0.340580 0.572464 0.007246 0.007246 0.007246 0.007246 0.036232 0.007246 
0.106557 0.024590 0.057377 0.106557 0.008197 0.024590 0.024590 0.024590 0.500000 0.122951 
0.023810 0.547619 0.023810 0.023810 0.023810 0.023810 0.023810 0.023810 0.261905 0.023810 
0.117958 0.005282 0.001761 0.153169 0.427817 0.001761 0.001761 0.132042 0.051056 0.107394 
0.010204 0.030612 0.010204 0.010204 0.806122 0.010204 0.051020 0.051020 0.010204 0.010204 
0.244681 0.010638 0.010638 0.010638 0.031915 0.010638 0.202128 0.010638 0.436170 0.031915 
0.018750 0.018750 0.006250 0.018750 0.881250 0.006250 0.006250 0.006250 0.031250 0.006250 
0.027273 0.239394 0.069697 0.154545 0.093939 0.033333 0.027273 0.027273 0.100000 0.227273 
0.009259 0.064815 0.027778 0.009259 0.842593 0.009259 0.009259 0.009259 0.009259 0.009259 
0.042857 0.757143 0.014286 0.014286 0.014286 0.014286 0.100000 0.014286 0.014286 0.014286 
0.003086 0.003086 0.083333 0.070988 0.003086 0.151235 0.614198 0.015432 0.009259 0.046296 
0.021739 0.108696 0.021739 0.021739 0.500000 0.195652 0.021739 0.021739 0.021739 0.065217 
0.008621 0.215517 0.060345 0.008621 0.008621 0.008621 0.060345 0.491379 0.094828 0.043103 
0.272059 0.007353 0.007353 0.007353 0.080882 0.007353 0.007353 0.007353 0.595588 0.007353 
0.009615 0.086538 0.009615 0.009615 0.836538 0.009615 0.009615 0.009615 0.009615 0.009615 
0.004630 0.032407 0.893519 0.013889 0.004630 0.004630 0.013889 0.023148 0.004630 0.004630 
0.007212 0.040865 0.026442 0.112981 0.002404 0.271635 0.406250 0.127404 0.002404 0.002404 
0.008772 0.078947 0.324561 0.500000 0.008772 0.008772 0.008772 0.008772 0.008772 0.043860 
0.022059 0.019118 0.195588 0.054412 0.030882 0.010294 0.560294 0.001471 0.001471 0.104412 
0.605263 0.026316 0.026316 0.026316 0.131579 0.026316 0.026316 0.026316 0.078947 0.026316 
0.021739 0.065217 0.021739 0.021739 0.760870 0.021739 0.021739 0.021739 0.021739 0.021739 
0.005747 0.695402 0.005747 0.005747 0.005747 0.005747 0.005747 0.005747 0.166667 0.097701 
0.010417 0.010417 0.010417 0.072917 0.072917 0.031250 0.010417 0.031250 0.718750 0.031250 
0.020000 0.020000 0.020000 0.020000 0.780000 0.020000 0.020000 0.060000 0.020000 0.020000 
0.738095 0.023810 0.023810 0.071429 0.023810 0.023810 0.023810 0.023810 0.023810 0.023810 
0.043210 0.327160 0.043210 0.043210 0.006173 0.030864 0.067901 0.104938 0.117284 0.216049 
0.006173 0.006173 0.203704 0.030864 0.006173 0.067901 0.611111 0.006173 0.055556 0.006173 
0.001479 0.013314 0.362426 0.563609 0.010355 0.019231 0.001479 0.001479 0.007396 0.019231 
0.007937 0.071429 0.023810 0.023810 0.007937 0.007937 0.007937 0.785714 0.007937 0.055556 
0.354167 0.270833 0.104167 0.020833 0.020833 0.062500 0.020833 0.062500 0.062500 0.020833 
0.297619 0.392857 0.059524 0.035714 0.011905 0.059524 0.035714 0.035714 0.011905 0.059524 
0.008333 0.041667 0.008333 0.008333 0.058333 0.041667 0.758333 0.025000 0.041667 0.008333 
0.003049 0.003049 0.948171 0.003049 0.003049 0.009146 0.003049 0.009146 0.015244 0.003049 
0.021739 0.021739 0.021739 0.021739 0.021739 0.021739 0.021739 0.021739 0.804348 0.021739 
0.001825 0.078467 0.717153 0.020073 0.001825 0.001825 0.009124 0.001825 0.001825 0.166058 
0.763158 0.026316 0.026316 0.026316 0.026316 0.026316 0.026316 0.026316 0.026316 0.026316 
0.004673 0.004673 0.004673 0.004673 0.911215 0.004673 0.004673 0.004673 0.042056 0.014019 
0.046763 0.046763 0.356115 0.521583 0.003597 0.003597 0.003597 0.003597 0.010791 0.003597 
0.010000 0.030000 0.010000 0.650000 0.010000 0.010000 0.010000 0.010000 0.090000 0.170000 
0.001453 0.004360 0.905523 0.015988 0.001453 0.013081 0.027616 0.001453 0.004360 0.024709 
0.002066 0.452479 0.159091 0.076446 0.006198 0.014463 0.130165 0.014463 0.134298 0.010331 
0.040541 0.013514 0.013514 0.013514 0.851351 0.013514 0.013514 0.013514 0.013514 0.013514 
0.003731 0.078358 0.018657 0.041045 0.055970 0.003731 0.003731 0.018657 0.645522 0.130597 
0.004032 0.092742 0.125000 0.108871 0.004032 0.116935 0.004032 0.536290 0.004032 0.004032 
0.028017 0.002155 0.640086 0.010776 0.006466 0.122845 0.066810 0.028017 0.045259 0.049569 
0.008065 0.008065 0.072581 0.008065 0.008065 0.024194 0.008065 0.008065 0.846774 0.008065 
0.026786 0.687500 0.098214 0.026786 0.008929 0.062500 0.044643 0.026786 0.008929 0.008929 
0.004237 0.001412 0.117232 0.001412 0.001412 0.583333 0.001412 0.142655 0.001412 0.145480 
0.027273 0.009091 0.009091 0.009091 0.881818 0.009091 0.009091 0.009091 0.009091 0.027273 
0.007042 0.021127 0.049296 0.007042 0.007042 0.288732 0.288732 0.316901 0.007042 0.007042 
0.017730 0.010638 0.039007 0.039007 0.003546 0.010638 0.003546 0.003546 0.861702 0.010638 
0.021739 0.021739 0.021739 0.021739 0.021739 0.021739 0.760870 0.065217 0.021739 0.021739 
0.717391 0.021739 0.021739 0.021739 0.021739 0.065217 0.065217 0.021739 0.021739 0.021739 
0.006250 0.018750 0.281250 0.006250 0.006250 0.631250 0.031250 0.006250 0.006250 0.006250 
0.002959 0.002959 0.363905 0.529586 0.002959 0.002959 0.002959 0.026627 0.002959 0.062130 
0.008065 0.024194 0.008065 0.008065 0.056452 0.008065 0.008065 0.008065 0.862903 0.008065 
0.675000 0.025000 0.075000 0.025000 0.025000 0.025000 0.025000 0.025000 0.075000 0.025000 
0.071429 0.023810 0.023810 0.023810 0.023810 0.023810 0.023810 0.023810 0.690476 0.071429 
0.002793 0.002793 0.628492 0.025140 0.008380 0.002793 0.008380 0.315642 0.002793 0.002793 
0.003268 0.016340 0.506536 0.401961 0.003268 0.003268 0.035948 0.009804 0.003268 0.016340 
0.005814 0.040698 0.191860 0.025194 0.005814 0.001938 0.660853 0.001938 0.005814 0.060078 
0.021739 0.065217 0.021739 0.760870 0.021739 0.021739 0.021739 0.021739 0.021739 0.021739 
0.005000 0.005000 0.105000 0.005000 0.005000 0.775000 0.025000 0.025000 0.045000 0.005000 
0.012821 0.346154 0.141026 0.064103 0.012821 0.012821 0.012821 0.089744 0.243590 0.064103 
0.003788 0.314394 0.003788 0.018939 0.018939 0.132576 0.018939 0.041667 0.382576 0.064394 
0.008621 0.112069 0.077586 0.008621 0.043103 0.232759 0.025862 0.405172 0.025862 0.060345 
0.833333 0.045455 0.015152 0.015152 0.015152 0.015152 0.015152 0.015152 0.015152 0.015152 
0.008065 0.008065 0.346774 0.588710 0.008065 0.008065 0.008065 0.008065 0.008065 0.008065 
0.010638 0.585106 0.180851 0.010638 0.010638 0.010638 0.159574 0.010638 0.010638 0.010638 
0.038820 0.023292 0.054348 0.163043 0.013975 0.007764 0.001553 0.057453 0.079193 0.560559 
0.013158 0.802632 0.013158 0.013158 0.013158 0.039474 0.013158 0.065789 0.013158 0.013158 
0.009804 0.009804 0.049020 0.088235 0.009804 0.009804 0.009804 0.715686 0.068627 0.029412 
0.568182 0.159091 0.022727 0.022727 0.022727 0.022727 0.022727 0.068182 0.068182 0.022727 
0.017241 0.017241 0.017241 0.017241 0.017241 0.017241 0.017241 0.810345 0.017241 0.051724 
0.002809 0.002809 0.019663 0.008427 0.002809 0.008427 0.002809 0.014045 0.036517 0.901685 
0.002193 0.002193 0.967105 0.002193 0.002193 0.002193 0.002193 0.002193 0.002193 0.015351 
0.026316 0.026316 0.026316 0.026316 0.657895 0.026316 0.026316 0.026316 0.131579 0.026316 
0.690476 0.023810 0.023810 0.071429 0.023810 0.023810 0.023810 0.023810 0.023810 0.071429 
0.097015 0.007463 0.007463 0.007463 0.768657 0.007463 0.007463 0.082090 0.007463 0.007463 
0.065789 0.092105 0.013158 0.065789 0.644737 0.013158 0.039474 0.039474 0.013158 0.013158 
0.022388 0.201493 0.395522 0.052239 0.022388 0.007463 0.067164 0.111940 0.111940 0.007463 
0.008929 0.116071 0.080357 0.098214 0.169643 0.080357 0.008929 0.026786 0.133929 0.276786 
0.004464 0.004464 0.120536 0.013393 0.084821 0.522321 0.004464 0.031250 0.040179 0.174107 
0.008772 0.587719 0.008772 0.008772 0.078947 0.008772 0.166667 0.008772 0.114035 0.008772 
0.005556 0.005556 0.016667 0.005556 0.916667 0.005556 0.005556 0.005556 0.027778 0.005556 
0.002451 0.017157 0.786765 0.002451 0.002451 0.129902 0.031863 0.007353 0.017157 0.002451 
0.004032 0.149194 0.729839 0.012097 0.004032 0.036290 0.020161 0.020161 0.020161 0.004032 
0.660714 0.017857 0.125000 0.017857 0.017857 0.017857 0.017857 0.017857 0.089286 0.017857 
0.002976 0.014881 0.008929 0.270833 0.264881 0.122024 0.008929 0.020833 0.133929 0.151786 
0.017241 0.017241 0.017241 0.051724 0.017241 0.017241 0.810345 0.017241 0.017241 0.017241 
0.003289 0.036184 0.042763 0.062500 0.009868 0.003289 0.016447 0.003289 0.016447 0.805921 
0.717391 0.108696 0.021739 0.021739 0.021739 0.021739 0.021739 0.021739 0.021739 0.021739 
0.012195 0.085366 0.012195 0.548780 0.036585 0.036585 0.085366 0.036585 0.012195 0.134146 
0.034091 0.011364 0.011364 0.011364 0.806818 0.011364 0.011364 0.079545 0.011364 0.011364 
0.659722 0.104167 0.006944 0.062500 0.006944 0.006944 0.006944 0.006944 0.131944 0.006944 
0.175676 0.067568 0.013514 0.067568 0.608108 0.013514 0.013514 0.013514 0.013514 0.013514 
0.214286 0.023810 0.023810 0.023810 0.595238 0.023810 0.023810 0.023810 0.023810 0.023810 
0.015152 0.015152 0.015152 0.803030 0.015152 0.015152 0.045455 0.015152 0.045455 0.015152 
0.738095 0.071429 0.023810 0.023810 0.023810 0.023810 0.023810 0.023810 0.023810 0.023810 
0.024194 0.104839 0.008065 0.782258 0.008065 0.024194 0.008065 0.008065 0.008065 0.024194 
0.780000 0.020000 0.020000 0.060000 0.020000 0.020000 0.020000 0.020000 0.020000 0.020000 
0.008929 0.026786 0.008929 0.008929 0.008929 0.026786 0.116071 0.401786 0.026786 0.366071 
0.002427 0.007282 0.895631 0.002427 0.002427 0.026699 0.012136 0.002427 0.002427 0.046117 
0.010870 0.010870 0.010870 0.097826 0.010870 0.010870 0.010870 0.010870 0.815217 0.010870 
0.025510 0.005102 0.464286 0.321429 0.005102 0.015306 0.005102 0.005102 0.005102 0.147959 
0.049020 0.009804 0.009804 0.009804 0.872549 0.009804 0.009804 0.009804 0.009804 0.009804 
0.064103 0.653846 0.012821 0.064103 0.038462 0.089744 0.012821 0.012821 0.038462 0.012821 
0.357143 0.071429 0.071429 0.071429 0.071429 0.071429 0.071429 0.071429 0.071429 0.071429 
0.032872 0.001730 0.012111 0.029412 0.001730 0.126298 0.081315 0.365052 0.001730 0.347751 
0.152174 0.021739 0.021739 0.021739 0.021739 0.021739 0.021739 0.021739 0.673913 0.021739 
0.071429 0.014286 0.014286 0.042857 0.014286 0.785714 0.014286 0.014286 0.014286 0.014286 
0.011905 0.011905 0.035714 0.011905 0.011905 0.035714 0.654762 0.011905 0.011905 0.202381 
0.013889 0.002778 0.575000 0.008333 0.008333 0.002778 0.380556 0.002778 0.002778 0.002778 
0.005263 0.036842 0.047368 0.573684 0.005263 0.005263 0.300000 0.005263 0.015789 0.005263 
0.008475 0.008475 0.025424 0.771186 0.042373 0.008475 0.059322 0.025424 0.008475 0.042373 
0.008621 0.008621 0.594828 0.301724 0.008621 0.025862 0.008621 0.008621 0.008621 0.025862 
0.017241 0.017241 0.086207 0.293103 0.086207 0.017241 0.051724 0.017241 0.017241 0.396552 
0.050725 0.007246 0.007246 0.007246 0.007246 0.181159 0.007246 0.297101 0.007246 0.427536 
0.014706 0.014706 0.044118 0.073529 0.014706 0.014706 0.602941 0.014706 0.161765 0.044118 
0.013158 0.013158 0.013158 0.013158 0.828947 0.013158 0.013158 0.039474 0.039474 0.013158 
0.077778 0.011111 0.011111 0.011111 0.811111 0.011111 0.011111 0.011111 0.033333 0.011111 
0.020000 0.220000 0.220000 0.380000 0.060000 0.020000 0.020000 0.020000 0.020000 0.020000 
0.004132 0.004132 0.004132 0.020661 0.004132 0.690083 0.169421 0.004132 0.012397 0.086777 
0.007692 0.607692 0.023077 0.007692 0.007692 0.192308 0.053846 0.007692 0.007692 0.084615 
0.002551 0.002551 0.487245 0.109694 0.007653 0.017857 0.002551 0.002551 0.359694 0.007653 
0.074324 0.020270 0.006757 0.006757 0.006757 0.006757 0.047297 0.750000 0.006757 0.074324 
0.051020 0.010204 0.030612 0.051020 0.295918 0.010204 0.030612 0.010204 0.153061 0.357143 
0.020833 0.020833 0.020833 0.020833 0.729167 0.104167 0.020833 0.020833 0.020833 0.020833 
0.023810 0.023810 0.023810 0.071429 0.023810 0.023810 0.023810 0.023810 0.023810 0.738095 
0.003030 0.027273 0.209091 0.209091 0.009091 0.487879 0.003030 0.003030 0.045455 0.003030 
0.007463 0.022388 0.335821 0.425373 0.022388 0.022388 0.007463 0.007463 0.007463 0.141791 
0.061181 0.073840 0.023207 0.023207 0.103376 0.052743 0.018987 0.099156 0.090717 0.453586 
0.016892 0.003378 0.057432 0.030405 0.016892 0.787162 0.003378 0.003378 0.010135 0.070946 
0.007353 0.007353 0.022059 0.904412 0.007353 0.007353 0.022059 0.007353 0.007353 0.007353 
0.006579 0.493421 0.125000 0.006579 0.019737 0.111842 0.032895 0.151316 0.046053 0.006579 
0.015152 0.002165 0.019481 0.002165 0.019481 0.119048 0.487013 0.106061 0.006494 0.222944 
0.690476 0.023810 0.023810 0.023810 0.119048 0.023810 0.023810 0.023810 0.023810 0.023810 
0.129630 0.018519 0.425926 0.055556 0.018519 0.055556 0.018519 0.166667 0.055556 0.055556 
0.008621 0.008621 0.008621 0.836207 0.094828 0.008621 0.008621 0.008621 0.008621 0.008621 
0.062500 0.637500 0.012500 0.012500 0.037500 0.112500 0.037500 0.062500 0.012500 0.012500 
0.012690 0.164975 0.068528 0.032995 0.038071 0.002538 0.043147 0.038071 0.555838 0.043147 
0.020000 0.006667 0.366667 0.540000 0.006667 0.006667 0.006667 0.006667 0.033333 0.006667 
0.729167 0.020833 0.020833 0.020833 0.020833 0.020833 0.020833 0.104167 0.020833 0.020833 
0.004630 0.236111 0.023148 0.004630 0.106481 0.004630 0.013889 0.004630 0.087963 0.513889 
0.007692 0.407692 0.023077 0.007692 0.007692 0.023077 0.007692 0.192308 0.161538 0.161538 
0.021739 0.021739 0.021739 0.108696 0.021739 0.021739 0.021739 0.021739 0.021739 0.717391 
0.007246 0.050725 0.224638 0.340580 0.007246 0.152174 0.007246 0.195652 0.007246 0.007246 
0.004587 0.004587 0.087156 0.004587 0.022936 0.050459 0.013761 0.004587 0.756881 0.050459 
0.013514 0.013514 0.013514 0.013514 0.851351 0.013514 0.013514 0.013514 0.040541 0.013514 
0.070000 0.010000 0.010000 0.030000 0.010000 0.090000 0.010000 0.010000 0.010000 0.750000 
0.023810 0.023810 0.595238 0.166667 0.023810 0.023810 0.023810 0.023810 0.023810 0.071429 
0.021429 0.007143 0.035714 0.635714 0.007143 0.007143 0.007143 0.007143 0.007143 0.264286 
0.016917 0.092105 0.167293 0.362782 0.009398 0.219925 0.013158 0.013158 0.005639 0.099624 
0.025901 0.057432 0.230856 0.593468 0.001126 0.007883 0.010135 0.001126 0.050676 0.021396 
0.018519 0.018519 0.018519 0.018519 0.685185 0.018519 0.018519 0.166667 0.018519 0.018519 
0.025000 0.008333 0.208333 0.141667 0.041667 0.158333 0.008333 0.008333 0.358333 0.041667 
0.060345 0.008621 0.112069 0.008621 0.008621 0.008621 0.663793 0.025862 0.008621 0.094828 
0.042857 0.757143 0.042857 0.042857 0.014286 0.014286 0.042857 0.014286 0.014286 0.014286 
0.017857 0.053571 0.017857 0.017857 0.696429 0.017857 0.017857 0.017857 0.017857 0.125000 
0.033981 0.004854 0.325243 0.004854 0.004854 0.004854 0.354369 0.131068 0.004854 0.131068 
0.100000 0.014286 0.042857 0.014286 0.757143 0.014286 0.014286 0.014286 0.014286 0.014286 
0.005263 0.008772 0.019298 0.247368 0.015789 0.212281 0.349123 0.033333 0.022807 0.085965 
0.016667 0.016667 0.016667 0.016667 0.016667 0.016667 0.750000 0.116667 0.016667 0.016667 
0.013761 0.389908 0.105505 0.041284 0.133028 0.032110 0.004587 0.032110 0.004587 0.243119 
0.005556 0.005556 0.061111 0.116667 0.005556 0.205556 0.016667 0.005556 0.016667 0.561111 
0.077465 0.077465 0.021127 0.007042 0.359155 0.007042 0.007042 0.021127 0.035211 0.387324 
0.108696 0.021739 0.021739 0.021739 0.717391 0.021739 0.021739 0.021739 0.021739 0.021739 
0.001792 0.005376 0.439068 0.399642 0.001792 0.001792 0.001792 0.005376 0.001792 0.141577 
0.003650 0.003650 0.631387 0.317518 0.003650 0.003650 0.003650 0.010949 0.003650 0.018248 
0.022727 0.013636 0.331818 0.059091 0.004545 0.004545 0.013636 0.022727 0.213636 0.313636 
0.004386 0.004386 0.206140 0.144737 0.030702 0.013158 0.004386 0.030702 0.539474 0.021930 
0.008621 0.008621 0.698276 0.008621 0.008621 0.008621 0.077586 0.008621 0.025862 0.146552 
0.035326 0.051630 0.100543 0.198370 0.013587 0.002717 0.008152 0.513587 0.002717 0.073370 
0.003876 0.034884 0.732558 0.089147 0.011628 0.019380 0.003876 0.034884 0.003876 0.065891 
0.016667 0.716667 0.050000 0.050000 0.016667 0.050000 0.016667 0.016667 0.016667 0.050000 
0.028226 0.044355 0.447581 0.028226 0.020161 0.092742 0.100806 0.092742 0.004032 0.141129 
0.017241 0.120690 0.224138 0.017241 0.017241 0.017241 0.017241 0.120690 0.431034 0.017241 
0.233945 0.307339 0.004587 0.013761 0.013761 0.004587 0.004587 0.096330 0.288991 0.032110 
0.524390 0.109756 0.060976 0.012195 0.012195 0.012195 0.012195 0.134146 0.109756 0.012195 
0.025424 0.228814 0.025424 0.008475 0.025424 0.008475 0.008475 0.025424 0.601695 0.042373 
0.011364 0.193182 0.170455 0.011364 0.011364 0.011364 0.511364 0.056818 0.011364 0.011364 
0.010163 0.087398 0.046748 0.014228 0.010163 0.018293 0.002033 0.002033 0.794715 0.014228 
0.029412 0.735294 0.029412 0.029412 0.029412 0.029412 0.029412 0.029412 0.029412 0.029412 
0.006410 0.198718 0.006410 0.006410 0.006410 0.006410 0.006410 0.019231 0.737179 0.006410 
0.007692 0.007692 0.007692 0.007692 0.007692 0.007692 0.884615 0.038462 0.023077 0.007692 
0.075758 0.085859 0.005051 0.015152 0.651515 0.025253 0.075758 0.015152 0.005051 0.045455 
0.011811 0.003937 0.051181 0.846457 0.003937 0.011811 0.003937 0.003937 0.011811 0.051181 
0.017045 0.005682 0.051136 0.005682 0.005682 0.335227 0.517045 0.005682 0.017045 0.039773 
0.045455 0.015152 0.106061 0.560606 0.136364 0.015152 0.075758 0.015152 0.015152 0.015152 
0.003676 0.363971 0.216912 0.003676 0.003676 0.275735 0.003676 0.040441 0.047794 0.040441 
0.020000 0.020000 0.020000 0.020000 0.020000 0.020000 0.620000 0.140000 0.100000 0.020000 
0.010870 0.054348 0.010870 0.010870 0.815217 0.054348 0.010870 0.010870 0.010870 0.010870 
0.008333 0.025000 0.408333 0.075000 0.008333 0.125000 0.058333 0.275000 0.008333 0.008333 
0.011364 0.125000 0.011364 0.034091 0.011364 0.011364 0.011364 0.034091 0.670455 0.079545 
0.009615 0.009615 0.028846 0.009615 0.875000 0.009615 0.009615 0.009615 0.028846 0.009615 
0.002941 0.008824 0.314706 0.626471 0.002941 0.032353 0.002941 0.002941 0.002941 0.002941 
0.172078 0.022727 0.042208 0.100649 0.133117 0.003247 0.016234 0.003247 0.133117 0.373377 
0.003247 0.003247 0.016234 0.074675 0.009740 0.782468 0.068182 0.003247 0.003247 0.035714 
0.018519 0.018519 0.018519 0.092593 0.018519 0.018519 0.055556 0.018519 0.722222 0.018519 
0.012195 0.012195 0.036585 0.012195 0.865854 0.012195 0.012195 0.012195 0.012195 0.012195 
0.076271 0.635593 0.008475 0.025424 0.093220 0.025424 0.042373 0.025424 0.059322 0.008475 
0.003650 0.456204 0.142336 0.047445 0.010949 0.010949 0.135036 0.003650 0.186131 0.003650 
0.008475 0.110169 0.042373 0.008475 0.008475 0.008475 0.008475 0.686441 0.076271 0.042373 
0.011628 0.686047 0.034884 0.011628 0.011628 0.058140 0.011628 0.104651 0.011628 0.058140 
0.011905 0.011905 0.011905 0.035714 0.821429 0.035714 0.011905 0.011905 0.035714 0.011905 
0.016667 0.016667 0.016667 0.016667 0.016667 0.050000 0.583333 0.250000 0.016667 0.016667 
0.044872 0.044872 0.006410 0.006410 0.006410 0.032051 0.006410 0.006410 0.814103 0.032051 
0.006410 0.006410 0.378205 0.083333 0.006410 0.006410 0.480769 0.006410 0.006410 0.019231 
0.002083 0.002083 0.068750 0.052083 0.043750 0.510417 0.002083 0.272917 0.006250 0.039583 
0.002273 0.025000 0.497727 0.070455 0.011364 0.111364 0.097727 0.015909 0.002273 0.165909 
0.611111 0.018519 0.018519 0.018519 0.055556 0.055556 0.018519 0.018519 0.055556 0.129630 
0.023438 0.007812 0.007812 0.007812 0.007812 0.773438 0.007812 0.007812 0.054688 0.101562 
0.004098 0.143443 0.766393 0.004098 0.012295 0.004098 0.004098 0.004098 0.012295 0.045082 
0.012821 0.012821 0.012821 0.012821 0.858974 0.012821 0.012821 0.012821 0.038462 0.012821 
0.730769 0.141026 0.012821 0.012821 0.012821 0.012821 0.012821 0.038462 0.012821 0.012821 
0.017241 0.086207 0.568966 0.017241 0.017241 0.017241 0.017241 0.224138 0.017241 0.017241 
0.017241 0.017241 0.224138 0.637931 0.017241 0.017241 0.017241 0.017241 0.017241 0.017241 
0.703125 0.015625 0.015625 0.015625 0.078125 0.015625 0.078125 0.015625 0.015625 0.046875 
0.008772 0.008772 0.359649 0.078947 0.008772 0.026316 0.008772 0.008772 0.026316 0.464912 
0.003937 0.043307 0.326772 0.011811 0.019685 0.011811 0.539370 0.003937 0.019685 0.019685 
0.004000 0.004000 0.092000 0.004000 0.012000 0.020000 0.348000 0.180000 0.004000 0.332000 
0.004310 0.004310 0.323276 0.642241 0.004310 0.004310 0.004310 0.004310 0.004310 0.004310 
0.014706 0.308824 0.014706 0.014706 0.161765 0.014706 0.014706 0.014706 0.044118 0.397059 
0.013889 0.013889 0.013889 0.013889 0.875000 0.013889 0.013889 0.013889 0.013889 0.013889 
0.540000 0.020000 0.020000 0.060000 0.020000 0.020000 0.020000 0.260000 0.020000 0.020000 
0.008671 0.511561 0.020231 0.182081 0.014451 0.002890 0.002890 0.002890 0.193642 0.060694 
0.010870 0.010870 0.010870 0.010870 0.010870 0.010870 0.010870 0.010870 0.010870 0.902174 
0.007463 0.067164 0.007463 0.007463 0.022388 0.007463 0.007463 0.007463 0.828358 0.037313 
0.050000 0.483333 0.116667 0.016667 0.016667 0.016667 0.116667 0.083333 0.083333 0.016667 
0.033333 0.033333 0.033333 0.100000 0.633333 0.033333 0.033333 0.033333 0.033333 0.033333 
0.011905 0.035714 0.011905 0.035714 0.011905 0.011905 0.821429 0.011905 0.011905 0.035714 
0.004762 0.004762 0.157143 0.052381 0.004762 0.014286 0.061905 0.519048 0.023810 0.157143 
0.050000 0.116667 0.016667 0.016667 0.116667 0.050000 0.050000 0.016667 0.083333 0.483333 
0.006494 0.123377 0.642857 0.006494 0.006494 0.175325 0.006494 0.019481 0.006494 0.006494 
0.100000 0.020000 0.020000 0.020000 0.140000 0.020000 0.020000 0.620000 0.020000 0.020000 
0.013158 0.013158 0.013158 0.776316 0.118421 0.013158 0.013158 0.013158 0.013158 0.013158 
0.068182 0.022727 0.022727 0.022727 0.750000 0.022727 0.022727 0.022727 0.022727 0.022727 
0.006494 0.019481 0.045455 0.071429 0.123377 0.006494 0.006494 0.668831 0.045455 0.006494 
0.160377 0.047170 0.009434 0.009434 0.707547 0.009434 0.009434 0.009434 0.009434 0.028302 
0.023810 0.087302 0.388889 0.023810 0.007937 0.039683 0.277778 0.134921 0.007937 0.007937 
0.033333 0.100000 0.033333 0.033333 0.566667 0.033333 0.033333 0.033333 0.033333 0.100000 
0.041667 0.708333 0.013889 0.013889 0.013889 0.041667 0.013889 0.069444 0.041667 0.041667 
0.005208 0.005208 0.015625 0.015625 0.005208 0.026042 0.901042 0.005208 0.005208 0.015625 
0.004630 0.004630 0.004630 0.013889 0.402778 0.004630 0.013889 0.226852 0.106481 0.217593 
0.005263 0.005263 0.005263 0.005263 0.005263 0.878947 0.057895 0.005263 0.026316 0.005263 
0.039326 0.016854 0.005618 0.028090 0.005618 0.252809 0.455056 0.185393 0.005618 0.005618 
0.015152 0.015152 0.015152 0.015152 0.833333 0.015152 0.015152 0.015152 0.015152 0.045455 
0.042857 0.614286 0.014286 0.071429 0.100000 0.042857 0.014286 0.014286 0.042857 0.042857 
0.006024 0.584337 0.030120 0.006024 0.018072 0.162651 0.006024 0.006024 0.042169 0.138554 
0.763158 0.026316 0.026316 0.026316 0.026316 0.026316 0.026316 0.026316 0.026316 0.026316 
0.006410 0.134615 0.044872 0.006410 0.006410 0.044872 0.185897 0.557692 0.006410 0.006410 
0.004274 0.004274 0.440171 0.004274 0.021368 0.141026 0.004274 0.354701 0.012821 0.012821 
0.002315 0.002315 0.196759 0.002315 0.016204 0.053241 0.696759 0.011574 0.016204 0.002315 
0.001926 0.000642 0.334403 0.057125 0.003209 0.511553 0.063543 0.008344 0.009628 0.009628 
0.013514 0.067568 0.040541 0.013514 0.770270 0.013514 0.013514 0.013514 0.040541 0.013514 
0.039241 0.006329 0.340506 0.016456 0.006329 0.193671 0.001266 0.001266 0.003797 0.391139 
0.009091 0.009091 0.009091 0.009091 0.554545 0.009091 0.009091 0.336364 0.009091 0.045455 
0.023077 0.007692 0.007692 0.007692 0.007692 0.023077 0.900000 0.007692 0.007692 0.007692 
0.003731 0.003731 0.070896 0.026119 0.003731 0.123134 0.541045 0.003731 0.003731 0.220149 
0.216667 0.016667 0.016667 0.050000 0.550000 0.083333 0.016667 0.016667 0.016667 0.016667 
0.014423 0.014423 0.004808 0.004808 0.004808 0.129808 0.033654 0.745192 0.004808 0.043269 
0.010870 0.010870 0.054348 0.010870 0.032609 0.010870 0.054348 0.554348 0.010870 0.250000 
0.078571 0.292857 0.007143 0.007143 0.035714 0.050000 0.021429 0.021429 0.392857 0.092857 
0.021739 0.021739 0.413043 0.326087 0.021739 0.021739 0.021739 0.065217 0.021739 0.065217 
0.004717 0.004717 0.099057 0.806604 0.004717 0.014151 0.004717 0.004717 0.033019 0.023585 
0.017857 0.196429 0.017857 0.017857 0.446429 0.017857 0.017857 0.017857 0.125000 0.125000 
0.011364 0.034091 0.034091 0.011364 0.670455 0.034091 0.011364 0.011364 0.011364 0.170455 
0.014286 0.014286 0.014286 0.014286 0.785714 0.014286 0.042857 0.014286 0.071429 0.014286 
0.422414 0.008621 0.008621 0.025862 0.405172 0.008621 0.008621 0.008621 0.077586 0.025862 
0.010067 0.238255 0.271812 0.077181 0.003356 0.016779 0.003356 0.003356 0.372483 0.003356 
0.005000 0.305000 0.005000 0.045000 0.275000 0.025000 0.015000 0.095000 0.085000 0.145000 
0.013514 0.445946 0.013514 0.040541 0.013514 0.013514 0.013514 0.013514 0.418919 0.013514 
0.002717 0.122283 0.084239 0.019022 0.002717 0.008152 0.220109 0.459239 0.008152 0.073370 
0.048387 0.016129 0.016129 0.016129 0.790323 0.016129 0.016129 0.048387 0.016129 0.016129 
0.010204 0.010204 0.010204 0.030612 0.010204 0.112245 0.010204 0.010204 0.010204 0.785714 
0.483333 0.050000 0.016667 0.016667 0.283333 0.016667 0.050000 0.016667 0.050000 0.016667 
0.642857 0.071429 0.023810 0.023810 0.071429 0.023810 0.023810 0.023810 0.023810 0.071429 
0.014019 0.042056 0.004673 0.397196 0.126168 0.088785 0.004673 0.004673 0.313084 0.004673 
0.006579 0.006579 0.006579 0.006579 0.940789 0.006579 0.006579 0.006579 0.006579 0.006579 
0.027559 0.003937 0.003937 0.318898 0.003937 0.003937 0.137795 0.027559 0.035433 0.437008 
0.004225 0.111268 0.125352 0.026761 0.004225 0.004225 0.007042 0.021127 0.632394 0.063380 
0.008475 0.008475 0.025424 0.008475 0.822034 0.025424 0.076271 0.008475 0.008475 0.008475 
0.058140 0.127907 0.011628 0.104651 0.011628 0.500000 0.127907 0.011628 0.011628 0.034884 
0.009091 0.027273 0.063636 0.027273 0.009091 0.245455 0.336364 0.009091 0.045455 0.227273 
0.006098 0.591463 0.006098 0.067073 0.006098 0.018293 0.140244 0.079268 0.067073 0.018293 
0.012821 0.004274 0.337607 0.004274 0.004274 0.166667 0.397436 0.004274 0.055556 0.012821 
0.001475 0.001475 0.349558 0.532448 0.001475 0.004425 0.007375 0.001475 0.025074 0.075221 
0.637500 0.012500 0.012500 0.012500 0.137500 0.012500 0.012500 0.037500 0.012500 0.112500 
0.357143 0.071429 0.071429 0.071429 0.071429 0.071429 0.071429 0.071429 0.071429 0.071429 
0.029412 0.029412 0.029412 0.676471 0.029412 0.029412 0.029412 0.088235 0.029412 0.029412 
0.025000 0.225000 0.025000 0.025000 0.575000 0.025000 0.025000 0.025000 0.025000 0.025000 
0.026316 0.026316 0.026316 0.026316 0.763158 0.026316 0.026316 0.026316 0.026316 0.026316 
0.027778 0.138889 0.027778 0.027778 0.638889 0.027778 0.027778 0.027778 0.027778 0.027778 
0.045455 0.015152 0.015152 0.742424 0.045455 0.015152 0.015152 0.015152 0.045455 0.045455 
0.006494 0.006494 0.019481 0.019481 0.006494 0.006494 0.006494 0.006494 0.019481 0.902597 
0.620000 0.100000 0.020000 0.020000 0.020000 0.020000 0.020000 0.020000 0.100000 0.060000 
0.014286 0.014286 0.014286 0.014286 0.842857 0.014286 0.014286 0.042857 0.014286 0.014286 
0.006494 0.266234 0.019481 0.006494 0.006494 0.551948 0.006494 0.123377 0.006494 0.006494 
0.008224 0.014803 0.093750 0.004934 0.001645 0.337171 0.422697 0.001645 0.011513 0.103618 
0.482143 0.160714 0.017857 0.017857 0.017857 0.017857 0.017857 0.017857 0.232143 0.017857 
0.002591 0.002591 0.800518 0.090674 0.002591 0.054404 0.002591 0.002591 0.023316 0.018135 
0.020000 0.020000 0.140000 0.020000 0.020000 0.060000 0.660000 0.020000 0.020000 0.020000 
0.007812 0.289062 0.007812 0.023438 0.007812 0.023438 0.054688 0.492188 0.007812 0.085938 
0.009804 0.009804 0.009804 0.009804 0.205882 0.009804 0.009804 0.009804 0.009804 0.715686 
0.002994 0.002994 0.044910 0.254491 0.008982 0.002994 0.595808 0.002994 0.008982 0.074850 
0.064103 0.012821 0.192308 0.012821 0.012821 0.064103 0.012821 0.089744 0.012821 0.525641 
0.022321 0.058036 0.040179 0.022321 0.022321 0.156250 0.013393 0.620536 0.004464 0.040179 
0.004808 0.004808 0.322115 0.091346 0.033654 0.149038 0.216346 0.062500 0.014423 0.100962 
0.009091 0.009091 0.009091 0.845455 0.081818 0.009091 0.009091 0.009091 0.009091 0.009091 
0.005263 0.015789 0.563158 0.005263 0.005263 0.363158 0.015789 0.005263 0.015789 0.005263 
0.012821 0.012821 0.038462 0.012821 0.012821 0.012821 0.012821 0.064103 0.012821 0.807692 
0.094595 0.067568 0.013514 0.013514 0.202703 0.013514 0.013514 0.094595 0.121622 0.364865 
0.012195 0.012195 0.012195 0.012195 0.890244 0.012195 0.012195 0.012195 0.012195 0.012195 
0.171233 0.143836 0.020548 0.006849 0.047945 0.034247 0.006849 0.047945 0.075342 0.445205 
0.045455 0.772727 0.015152 0.015152 0.045455 0.015152 0.045455 0.015152 0.015152 0.015152 
0.018519 0.018519 0.018519 0.018519 0.055556 0.018519 0.018519 0.018519 0.018519 0.796296 
0.015152 0.015152 0.015152 0.045455 0.015152 0.075758 0.015152 0.106061 0.651515 0.045455 
0.012500 0.012500 0.012500 0.012500 0.812500 0.012500 0.012500 0.087500 0.012500 0.012500 
0.028846 0.054487 0.323718 0.221154 0.016026 0.009615 0.016026 0.009615 0.022436 0.298077 
0.763158 0.026316 0.026316 0.026316 0.026316 0.026316 0.026316 0.026316 0.026316 0.026316 
0.017241 0.017241 0.017241 0.672414 0.017241 0.017241 0.017241 0.051724 0.017241 0.155172 
0.027778 0.027778 0.027778 0.027778 0.694444 0.027778 0.027778 0.083333 0.027778 0.027778 
0.021739 0.543478 0.021739 0.065217 0.021739 0.021739 0.021739 0.021739 0.195652 0.065217 
0.028302 0.669811 0.009434 0.084906 0.009434 0.009434 0.028302 0.141509 0.009434 0.009434 
0.007576 0.265152 0.022727 0.143939 0.037879 0.007576 0.007576 0.007576 0.022727 0.477273 
0.009259 0.027778 0.009259 0.046296 0.009259 0.009259 0.009259 0.842593 0.027778 0.009259 
0.023810 0.071429 0.023810 0.023810 0.738095 0.023810 0.023810 0.023810 0.023810 0.023810 
0.014286 0.300000 0.128571 0.014286 0.300000 0.071429 0.042857 0.014286 0.071429 0.042857 
0.547297 0.060811 0.020270 0.168919 0.006757 0.006757 0.006757 0.006757 0.155405 0.020270 
0.055556 0.588889 0.011111 0.011111 0.033333 0.011111 0.011111 0.011111 0.233333 0.033333 
0.014706 0.661765 0.014706 0.014706 0.220588 0.014706 0.014706 0.014706 0.014706 0.014706 
0.012821 0.012821 0.012821 0.012821 0.807692 0.012821 0.012821 0.038462 0.012821 0.064103 
0.017241 0.017241 0.120690 0.051724 0.017241 0.051724 0.017241 0.017241 0.672414 0.017241 
0.010870 0.010870 0.032609 0.010870 0.010870 0.010870 0.010870 0.010870 0.880435 0.010870 
0.009434 0.009434 0.500000 0.028302 0.009434 0.122642 0.235849 0.047170 0.009434 0.028302 
0.078947 0.026316 0.026316 0.026316 0.657895 0.026316 0.026316 0.078947 0.026316 0.026316 
0.007463 0.291045 0.216418 0.012438 0.017413 0.181592 0.111940 0.012438 0.017413 0.131841 
0.006098 0.006098 0.006098 0.006098 0.932927 0.006098 0.006098 0.018293 0.006098 0.006098 
0.023810 0.023810 0.119048 0.595238 0.023810 0.023810 0.071429 0.023810 0.023810 0.071429 
0.005000 0.005000 0.005000 0.925000 0.005000 0.005000 0.015000 0.015000 0.015000 0.005000 
0.005263 0.015789 0.015789 0.005263 0.005263 0.005263 0.847368 0.005263 0.005263 0.089474 
0.135417 0.010417 0.010417 0.031250 0.760417 0.010417 0.010417 0.010417 0.010417 0.010417 
0.024194 0.717742 0.008065 0.008065 0.008065 0.056452 0.008065 0.008065 0.137097 0.024194 
0.019553 0.045624 0.300745 0.306331 0.004655 0.025140 0.000931 0.053073 0.008380 0.235568 
0.785714 0.023810 0.023810 0.023810 0.023810 0.023810 0.023810 0.023810 0.023810 0.023810 
0.007353 0.007353 0.139706 0.669118 0.007353 0.007353 0.022059 0.007353 0.036765 0.095588 
0.012195 0.012195 0.134146 0.012195 0.012195 0.012195 0.646341 0.012195 0.134146 0.012195 
0.006098 0.006098 0.103659 0.018293 0.018293 0.018293 0.689024 0.006098 0.006098 0.128049 
0.098214 0.580357 0.133929 0.026786 0.008929 0.044643 0.062500 0.008929 0.008929 0.026786 
0.007282 0.322816 0.186893 0.007282 0.021845 0.031553 0.026699 0.036408 0.313107 0.046117 
0.673077 0.019231 0.019231 0.019231 0.019231 0.057692 0.057692 0.019231 0.096154 0.019231 
0.011111 0.633333 0.011111 0.277778 0.011111 0.011111 0.011111 0.011111 0.011111 0.011111 
0.006173 0.401235 0.006173 0.006173 0.129630 0.043210 0.006173 0.006173 0.043210 0.351852 
0.009615 0.394231 0.067308 0.028846 0.009615 0.125000 0.009615 0.240385 0.105769 0.009615 
0.018519 0.018519 0.018519 0.018519 0.833333 0.018519 0.018519 0.018519 0.018519 0.018519 
0.011905 0.059524 0.011905 0.011905 0.059524 0.011905 0.011905 0.464286 0.011905 0.345238 
0.020833 0.020833 0.020833 0.562500 0.020833 0.020833 0.020833 0.020833 0.020833 0.270833 
0.017857 0.089286 0.017857 0.017857 0.732143 0.017857 0.017857 0.017857 0.053571 0.017857 
0.015152 0.742424 0.015152 0.015152 0.015152 0.106061 0.015152 0.015152 0.015152 0.045455 
0.009804 0.029412 0.049020 0.813725 0.009804 0.009804 0.009804 0.009804 0.009804 0.049020 
0.020833 0.104167 0.020833 0.020833 0.729167 0.020833 0.020833 0.020833 0.020833 0.020833 
0.008333 0.008333 0.008333 0.008333 0.008333 0.008333 0.008333 0.058333 0.875000 0.008333 
0.009091 0.009091 0.009091 0.009091 0.009091 0.027273 0.009091 0.027273 0.009091 0.881818 
0.007576 0.007576 0.007576 0.007576 0.931818 0.007576 0.007576 0.007576 0.007576 0.007576 
0.005952 0.375000 0.005952 0.017857 0.196429 0.005952 0.005952 0.005952 0.005952 0.375000 
0.003030 0.009091 0.039394 0.021212 0.106061 0.003030 0.015152 0.384848 0.251515 0.166667 
0.012821 0.192308 0.038462 0.004274 0.260684 0.004274 0.004274 0.012821 0.012821 0.457265 
0.009091 0.263636 0.063636 0.009091 0.009091 0.118182 0.190909 0.009091 0.281818 0.045455 
0.009434 0.009434 0.009434 0.783019 0.141509 0.009434 0.009434 0.009434 0.009434 0.009434 
0.039474 0.381579 0.013158 0.013158 0.355263 0.092105 0.013158 0.013158 0.013158 0.065789 
0.004167 0.004167 0.154167 0.079167 0.004167 0.012500 0.079167 0.020833 0.004167 0.637500 
0.022727 0.068182 0.022727 0.022727 0.613636 0.022727 0.022727 0.068182 0.022727 0.113636 
0.009804 0.107843 0.049020 0.009804 0.009804 0.088235 0.009804 0.578431 0.107843 0.029412 
0.017241 0.017241 0.086207 0.086207 0.120690 0.155172 0.051724 0.017241 0.017241 0.431034 
0.043860 0.570175 0.008772 0.008772 0.008772 0.008772 0.008772 0.324561 0.008772 0.008772 
0.011811 0.011811 0.027559 0.625984 0.082677 0.003937 0.003937 0.027559 0.003937 0.200787 
0.009259 0.305556 0.083333 0.009259 0.083333 0.009259 0.009259 0.009259 0.046296 0.435185 
0.004587 0.004587 0.090214 0.726300 0.001529 0.062691 0.004587 0.004587 0.001529 0.099388 
0.007812 0.007812 0.289062 0.117188 0.007812 0.117188 0.164062 0.257812 0.023438 0.007812 
0.016129 0.016129 0.016129 0.016129 0.790323 0.016129 0.048387 0.016129 0.016129 0.048387 
0.004274 0.192308 0.004274 0.081197 0.004274 0.004274 0.004274 0.004274 0.688034 0.012821 
0.035714 0.121429 0.007143 0.035714 0.007143 0.007143 0.735714 0.021429 0.007143 0.021429 
0.025000 0.008333 0.008333 0.475000 0.025000 0.008333 0.425000 0.008333 0.008333 0.008333 
0.725000 0.025000 0.025000 0.075000 0.025000 0.025000 0.025000 0.025000 0.025000 0.025000 
0.011628 0.569767 0.011628 0.104651 0.127907 0.011628 0.058140 0.058140 0.011628 0.034884 
0.004425 0.048673 0.022124 0.030973 0.004425 0.243363 0.606195 0.030973 0.004425 0.004425 
0.004202 0.004202 0.079832 0.012605 0.004202 0.651261 0.021008 0.180672 0.021008 0.021008 
0.042373 0.008475 0.008475 0.008475 0.449153 0.110169 0.042373 0.194915 0.008475 0.127119 
0.118421 0.039474 0.013158 0.013158 0.723684 0.013158 0.013158 0.013158 0.013158 0.039474 
0.044118 0.044118 0.014706 0.014706 0.691176 0.044118 0.014706 0.102941 0.014706 0.014706 
0.004587 0.004587 0.041284 0.013761 0.004587 0.885321 0.004587 0.022936 0.004587 0.013761 
0.011628 0.011628 0.034884 0.011628 0.011628 0.011628 0.011628 0.011628 0.872093 0.011628 
0.520833 0.020833 0.062500 0.020833 0.229167 0.020833 0.020833 0.062500 0.020833 0.020833 
0.008333 0.008333 0.025000 0.008333 0.008333 0.008333 0.025000 0.041667 0.008333 0.858333 
0.059524 0.773810 0.035714 0.011905 0.011905 0.011905 0.011905 0.011905 0.035714 0.035714 
0.007353 0.860294 0.007353 0.036765 0.007353 0.007353 0.022059 0.007353 0.022059 0.022059 
0.007042 0.007042 0.021127 0.007042 0.021127 0.485915 0.007042 0.401408 0.007042 0.035211 
0.004274 0.004274 0.192308 0.371795 0.038462 0.149573 0.047009 0.004274 0.004274 0.183761 
0.195652 0.021739 0.021739 0.021739 0.630435 0.021739 0.021739 0.021739 0.021739 0.021739 
0.009804 0.009804 0.009804 0.774510 0.009804 0.009804 0.127451 0.029412 0.009804 0.009804 
0.008475 0.008475 0.025424 0.008475 0.008475 0.008475 0.822034 0.008475 0.008475 0.093220 
0.065217 0.007246 0.021739 0.021739 0.775362 0.007246 0.007246 0.021739 0.007246 0.065217 
0.690476 0.023810 0.023810 0.023810 0.071429 0.023810 0.023810 0.071429 0.023810 0.023810 
0.041985 0.393130 0.011450 0.011450 0.354962 0.003817 0.003817 0.011450 0.019084 0.148855 
0.750000 0.013158 0.013158 0.092105 0.013158 0.013158 0.013158 0.013158 0.013158 0.065789 
0.704545 0.022727 0.022727 0.022727 0.022727 0.068182 0.068182 0.022727 0.022727 0.022727 
0.276316 0.065789 0.013158 0.013158 0.223684 0.013158 0.013158 0.013158 0.328947 0.039474 
0.511905 0.202381 0.011905 0.035714 0.083333 0.011905 0.011905 0.107143 0.011905 0.011905 
0.041667 0.041667 0.013889 0.013889 0.819444 0.013889 0.013889 0.013889 0.013889 0.013889 
0.002439 0.007317 0.026829 0.031707 0.002439 0.026829 0.007317 0.012195 0.865854 0.017073 
0.022727 0.810606 0.007576 0.007576 0.007576 0.007576 0.007576 0.007576 0.007576 0.113636 
0.026786 0.008929 0.008929 0.866071 0.008929 0.008929 0.044643 0.008929 0.008929 0.008929 
0.012821 0.038462 0.012821 0.012821 0.807692 0.038462 0.012821 0.012821 0.012821 0.038462 
0.001916 0.005747 0.346743 0.285441 0.005747 0.021073 0.001916 0.005747 0.001916 0.323755 
0.002778 0.002778 0.002778 0.008333 0.002778 0.008333 0.030556 0.019444 0.002778 0.919444 
0.033333 0.033333 0.100000 0.033333 0.500000 0.033333 0.033333 0.166667 0.033333 0.033333 
0.008065 0.088710 0.056452 0.008065 0.008065 0.008065 0.008065 0.024194 0.782258 0.008065 
0.269231 0.474359 0.012821 0.038462 0.012821 0.012821 0.064103 0.064103 0.038462 0.012821 
0.008065 0.008065 0.056452 0.056452 0.153226 0.024194 0.604839 0.056452 0.024194 0.008065 
0.018519 0.018519 0.055556 0.351852 0.055556 0.018519 0.092593 0.018519 0.055556 0.314815 
0.008621 0.043103 0.008621 0.008621 0.043103 0.008621 0.008621 0.008621 0.853448 0.008621 
0.071429 0.007937 0.023810 0.007937 0.261905 0.007937 0.007937 0.055556 0.103175 0.452381 
0.028626 0.013359 0.024809 0.047710 0.001908 0.700382 0.017176 0.154580 0.001908 0.009542 
0.025000 0.075000 0.025000 0.025000 0.575000 0.025000 0.125000 0.075000 0.025000 0.025000 
0.001718 0.008591 0.266323 0.455326 0.012027 0.005155 0.012027 0.015464 0.001718 0.221649 
0.022059 0.022059 0.022059 0.022059 0.007353 0.007353 0.786765 0.007353 0.022059 0.080882 
0.006494 0.019481 0.136364 0.149351 0.006494 0.019481 0.616883 0.006494 0.032468 0.006494 
0.041667 0.025000 0.058333 0.008333 0.008333 0.008333 0.008333 0.808333 0.008333 0.025000 
0.019231 0.019231 0.019231 0.019231 0.826923 0.019231 0.019231 0.019231 0.019231 0.019231 
0.069231 0.007692 0.300000 0.423077 0.007692 0.023077 0.023077 0.053846 0.038462 0.053846 
0.035714 0.011905 0.011905 0.130952 0.154762 0.011905 0.011905 0.011905 0.011905 0.607143 
