0.012821 0.055556 0.183761 0.004274 0.021368 0.354701 0.004274 0.286325 0.038462 0.038462 
0.039683 0.007937 0.023810 0.055556 0.007937 0.071429 0.753968 0.007937 0.023810 0.007937 
0.021739 0.239130 0.065217 0.021739 0.065217 0.065217 0.108696 0.369565 0.021739 0.021739 
0.001377 0.001377 0.599174 0.265840 0.001377 0.001377 0.001377 0.001377 0.001377 0.125344 
0.134146 0.012195 0.036585 0.085366 0.036585 0.134146 0.207317 0.012195 0.329268 0.012195 
0.150000 0.016667 0.050000 0.116667 0.116667 0.083333 0.016667 0.016667 0.050000 0.383333 
0.004505 0.004505 0.157658 0.013514 0.004505 0.103604 0.545045 0.112613 0.049550 0.004505 
0.004000 0.012000 0.476000 0.380000 0.004000 0.004000 0.004000 0.004000 0.004000 0.108000 
0.007246 0.007246 0.297101 0.644928 0.007246 0.007246 0.007246 0.007246 0.007246 0.007246 
0.122951 0.008197 0.008197 0.073770 0.073770 0.073770 0.008197 0.040984 0.303279 0.286885 
0.023810 0.547619 0.023810 0.023810 0.023810 0.023810 0.023810 0.023810 0.261905 0.023810 
0.103873 0.019366 0.001761 0.128521 0.455986 0.001761 0.001761 0.117958 0.036972 0.132042 
0.010204 0.071429 0.010204 0.051020 0.724490 0.010204 0.091837 0.010204 0.010204 0.010204 
0.159574 0.031915 0.010638 0.053191 0.031915 0.010638 0.010638 0.074468 0.606383 0.010638 
0.006250 0.006250 0.006250 0.018750 0.918750 0.006250 0.006250 0.006250 0.006250 0.018750 
0.003030 0.227273 0.124242 0.184848 0.057576 0.009091 0.003030 0.021212 0.081818 0.287879 
0.009259 0.009259 0.027778 0.009259 0.879630 0.009259 0.009259 0.009259 0.027778 0.009259 
0.071429 0.785714 0.014286 0.014286 0.014286 0.014286 0.014286 0.014286 0.042857 0.014286 
0.003086 0.003086 0.070988 0.064815 0.003086 0.132716 0.669753 0.003086 0.003086 0.046296 
0.108696 0.108696 0.152174 0.021739 0.456522 0.065217 0.021739 0.021739 0.021739 0.021739 
0.008621 0.215517 0.008621 0.112069 0.008621 0.025862 0.025862 0.508621 0.043103 0.043103 
0.227941 0.007353 0.007353 0.007353 0.095588 0.022059 0.007353 0.022059 0.580882 0.022059 
0.009615 0.028846 0.028846 0.009615 0.855769 0.009615 0.009615 0.028846 0.009615 0.009615 
0.004630 0.013889 0.902778 0.004630 0.004630 0.004630 0.004630 0.004630 0.023148 0.032407 
0.007212 0.050481 0.026442 0.122596 0.002404 0.185096 0.348558 0.247596 0.002404 0.007212 
0.008772 0.184211 0.271930 0.394737 0.008772 0.026316 0.008772 0.008772 0.043860 0.043860 
0.007353 0.016176 0.219118 0.010294 0.025000 0.027941 0.580882 0.001471 0.001471 0.110294 
0.657895 0.026316 0.026316 0.026316 0.131579 0.026316 0.026316 0.026316 0.026316 0.026316 
0.021739 0.065217 0.021739 0.021739 0.717391 0.021739 0.021739 0.065217 0.021739 0.021739 
0.040230 0.591954 0.063218 0.028736 0.005747 0.017241 0.028736 0.017241 0.132184 0.074713 
0.010417 0.010417 0.010417 0.114583 0.135417 0.010417 0.010417 0.031250 0.635417 0.031250 
0.020000 0.020000 0.020000 0.020000 0.780000 0.020000 0.020000 0.060000 0.020000 0.020000 
0.738095 0.023810 0.023810 0.023810 0.023810 0.023810 0.071429 0.023810 0.023810 0.023810 
0.006173 0.216049 0.030864 0.006173 0.043210 0.006173 0.055556 0.043210 0.290123 0.302469 
0.006173 0.018519 0.080247 0.006173 0.006173 0.166667 0.648148 0.018519 0.006173 0.043210 
0.001479 0.001479 0.383136 0.542899 0.010355 0.019231 0.001479 0.001479 0.007396 0.031065 
0.023810 0.023810 0.007937 0.007937 0.007937 0.007937 0.071429 0.785714 0.007937 0.055556 
0.604167 0.187500 0.020833 0.020833 0.020833 0.062500 0.020833 0.020833 0.020833 0.020833 
0.202381 0.178571 0.059524 0.035714 0.011905 0.107143 0.011905 0.011905 0.369048 0.011905 
0.008333 0.025000 0.008333 0.008333 0.058333 0.008333 0.841667 0.008333 0.008333 0.025000 
0.003049 0.003049 0.954268 0.003049 0.003049 0.009146 0.015244 0.003049 0.003049 0.003049 
0.021739 0.021739 0.065217 0.021739 0.021739 0.021739 0.065217 0.065217 0.630435 0.065217 
0.001825 0.093066 0.698905 0.005474 0.005474 0.012774 0.027372 0.001825 0.001825 0.151460 
0.763158 0.026316 0.026316 0.026316 0.026316 0.026316 0.026316 0.026316 0.026316 0.026316 
0.014019 0.023364 0.004673 0.004673 0.911215 0.004673 0.004673 0.004673 0.014019 0.014019 
0.003597 0.017986 0.363309 0.442446 0.017986 0.003597 0.003597 0.010791 0.104317 0.032374 
0.010000 0.010000 0.010000 0.850000 0.010000 0.030000 0.010000 0.010000 0.030000 0.030000 
0.001453 0.007267 0.888081 0.021802 0.001453 0.015988 0.013081 0.001453 0.001453 0.047965 
0.010331 0.464876 0.188017 0.068182 0.018595 0.010331 0.105372 0.006198 0.121901 0.006198 
0.040541 0.013514 0.013514 0.013514 0.824324 0.013514 0.013514 0.013514 0.013514 0.040541 
0.003731 0.011194 0.003731 0.003731 0.048507 0.003731 0.003731 0.011194 0.772388 0.138060 
0.004032 0.052419 0.133065 0.068548 0.004032 0.092742 0.108871 0.504032 0.028226 0.004032 
0.028017 0.002155 0.691810 0.015086 0.010776 0.071121 0.062500 0.101293 0.002155 0.015086 
0.024194 0.072581 0.008065 0.008065 0.008065 0.040323 0.008065 0.040323 0.782258 0.008065 
0.026786 0.848214 0.008929 0.026786 0.008929 0.008929 0.008929 0.008929 0.044643 0.008929 
0.007062 0.004237 0.060734 0.004237 0.001412 0.603107 0.001412 0.196328 0.001412 0.120056 
0.009091 0.009091 0.009091 0.009091 0.918182 0.009091 0.009091 0.009091 0.009091 0.009091 
0.007042 0.007042 0.007042 0.091549 0.035211 0.190141 0.330986 0.302817 0.007042 0.021127 
0.024823 0.017730 0.003546 0.031915 0.003546 0.003546 0.017730 0.010638 0.854610 0.031915 
0.021739 0.021739 0.021739 0.021739 0.021739 0.021739 0.804348 0.021739 0.021739 0.021739 
0.673913 0.065217 0.021739 0.065217 0.021739 0.065217 0.021739 0.021739 0.021739 0.021739 
0.006250 0.006250 0.393750 0.006250 0.006250 0.493750 0.006250 0.018750 0.006250 0.056250 
0.008876 0.002959 0.482249 0.405325 0.002959 0.002959 0.002959 0.014793 0.002959 0.073964 
0.008065 0.008065 0.008065 0.008065 0.088710 0.008065 0.008065 0.008065 0.846774 0.008065 
0.775000 0.025000 0.025000 0.025000 0.025000 0.025000 0.025000 0.025000 0.025000 0.025000 
0.071429 0.023810 0.023810 0.071429 0.023810 0.071429 0.023810 0.023810 0.642857 0.023810 
0.002793 0.002793 0.617318 0.002793 0.025140 0.002793 0.008380 0.326816 0.008380 0.002793 
0.003268 0.009804 0.650327 0.277778 0.016340 0.009804 0.016340 0.003268 0.003268 0.009804 
0.009690 0.001938 0.153101 0.048450 0.001938 0.001938 0.777132 0.001938 0.001938 0.001938 
0.021739 0.021739 0.021739 0.760870 0.021739 0.021739 0.065217 0.021739 0.021739 0.021739 
0.015000 0.005000 0.145000 0.005000 0.015000 0.745000 0.045000 0.005000 0.005000 0.015000 
0.012821 0.500000 0.012821 0.141026 0.012821 0.012821 0.012821 0.038462 0.217949 0.038462 
0.003788 0.321970 0.034091 0.056818 0.003788 0.003788 0.018939 0.087121 0.337121 0.132576 
0.008621 0.146552 0.043103 0.008621 0.025862 0.267241 0.025862 0.387931 0.008621 0.077586 
0.742424 0.045455 0.075758 0.015152 0.015152 0.015152 0.015152 0.015152 0.045455 0.015152 
0.008065 0.008065 0.491935 0.379032 0.008065 0.040323 0.024194 0.024194 0.008065 0.008065 
0.031915 0.670213 0.010638 0.010638 0.074468 0.010638 0.074468 0.053191 0.031915 0.031915 
0.020186 0.017081 0.001553 0.178571 0.017081 0.038820 0.004658 0.079193 0.104037 0.538820 
0.039474 0.776316 0.013158 0.013158 0.039474 0.013158 0.013158 0.039474 0.013158 0.039474 
0.009804 0.009804 0.029412 0.205882 0.009804 0.049020 0.009804 0.637255 0.009804 0.029412 
0.750000 0.022727 0.068182 0.022727 0.022727 0.022727 0.022727 0.022727 0.022727 0.022727 
0.051724 0.051724 0.017241 0.051724 0.017241 0.017241 0.017241 0.706897 0.017241 0.051724 
0.002809 0.030899 0.019663 0.058989 0.002809 0.002809 0.002809 0.008427 0.019663 0.851124 
0.002193 0.002193 0.953947 0.010965 0.002193 0.002193 0.006579 0.002193 0.006579 0.010965 
0.026316 0.026316 0.026316 0.026316 0.657895 0.026316 0.026316 0.026316 0.131579 0.026316 
0.690476 0.023810 0.023810 0.023810 0.023810 0.071429 0.023810 0.023810 0.023810 0.071429 
0.067164 0.007463 0.007463 0.007463 0.813433 0.007463 0.007463 0.067164 0.007463 0.007463 
0.065789 0.197368 0.013158 0.092105 0.565789 0.013158 0.013158 0.013158 0.013158 0.013158 
0.007463 0.246269 0.440299 0.037313 0.007463 0.052239 0.007463 0.186567 0.007463 0.007463 
0.008929 0.241071 0.294643 0.098214 0.116071 0.133929 0.008929 0.008929 0.008929 0.080357 
0.004464 0.022321 0.066964 0.049107 0.084821 0.406250 0.004464 0.022321 0.049107 0.290179 
0.026316 0.587719 0.008772 0.008772 0.026316 0.008772 0.219298 0.008772 0.043860 0.061404 
0.005556 0.005556 0.005556 0.005556 0.938889 0.005556 0.005556 0.016667 0.005556 0.005556 
0.017157 0.007353 0.796569 0.012255 0.002451 0.095588 0.051471 0.012255 0.002451 0.002451 
0.004032 0.181452 0.689516 0.004032 0.004032 0.100806 0.004032 0.004032 0.004032 0.004032 
0.696429 0.017857 0.017857 0.017857 0.017857 0.017857 0.017857 0.017857 0.017857 0.160714 
0.002976 0.038690 0.002976 0.282738 0.252976 0.110119 0.008929 0.056548 0.127976 0.116071 
0.017241 0.017241 0.051724 0.155172 0.017241 0.017241 0.672414 0.017241 0.017241 0.017241 
0.016447 0.003289 0.016447 0.082237 0.003289 0.003289 0.009868 0.003289 0.029605 0.832237 
0.717391 0.021739 0.021739 0.021739 0.065217 0.021739 0.021739 0.021739 0.065217 0.021739 
0.036585 0.158537 0.060976 0.621951 0.012195 0.012195 0.012195 0.036585 0.036585 0.012195 
0.034091 0.011364 0.011364 0.011364 0.738636 0.034091 0.056818 0.011364 0.011364 0.079545 
0.562500 0.034722 0.006944 0.034722 0.006944 0.006944 0.034722 0.020833 0.284722 0.006944 
0.283784 0.067568 0.013514 0.040541 0.527027 0.013514 0.013514 0.013514 0.013514 0.013514 
0.071429 0.023810 0.023810 0.023810 0.738095 0.023810 0.023810 0.023810 0.023810 0.023810 
0.015152 0.015152 0.015152 0.863636 0.015152 0.015152 0.015152 0.015152 0.015152 0.015152 
0.595238 0.023810 0.023810 0.023810 0.214286 0.023810 0.023810 0.023810 0.023810 0.023810 
0.008065 0.008065 0.024194 0.911290 0.008065 0.008065 0.008065 0.008065 0.008065 0.008065 
0.740000 0.020000 0.020000 0.060000 0.020000 0.020000 0.020000 0.060000 0.020000 0.020000 
0.008929 0.008929 0.062500 0.008929 0.008929 0.026786 0.080357 0.526786 0.008929 0.258929 
0.007282 0.016990 0.910194 0.002427 0.002427 0.012136 0.002427 0.002427 0.002427 0.041262 
0.010870 0.010870 0.032609 0.010870 0.010870 0.010870 0.010870 0.032609 0.858696 0.010870 
0.025510 0.035714 0.423469 0.413265 0.005102 0.005102 0.005102 0.005102 0.005102 0.076531 
0.009804 0.029412 0.009804 0.009804 0.852941 0.009804 0.009804 0.049020 0.009804 0.009804 
0.038462 0.653846 0.012821 0.064103 0.012821 0.012821 0.012821 0.064103 0.012821 0.115385 
0.357143 0.071429 0.071429 0.071429 0.071429 0.071429 0.071429 0.071429 0.071429 0.071429 
0.001730 0.019031 0.019031 0.001730 0.008651 0.102076 0.053633 0.396194 0.001730 0.396194 
0.065217 0.021739 0.021739 0.065217 0.021739 0.021739 0.021739 0.021739 0.717391 0.021739 
0.100000 0.014286 0.042857 0.014286 0.014286 0.728571 0.042857 0.014286 0.014286 0.014286 
0.011905 0.011905 0.035714 0.011905 0.011905 0.035714 0.726190 0.011905 0.011905 0.130952 
0.002778 0.013889 0.497222 0.002778 0.019444 0.063889 0.386111 0.008333 0.002778 0.002778 
0.005263 0.005263 0.026316 0.605263 0.005263 0.015789 0.310526 0.005263 0.005263 0.015789 
0.008475 0.025424 0.008475 0.788136 0.093220 0.008475 0.025424 0.025424 0.008475 0.008475 
0.008621 0.008621 0.543103 0.387931 0.008621 0.008621 0.008621 0.008621 0.008621 0.008621 
0.017241 0.017241 0.017241 0.500000 0.086207 0.017241 0.017241 0.017241 0.017241 0.293103 
0.007246 0.007246 0.007246 0.050725 0.007246 0.152174 0.007246 0.427536 0.007246 0.326087 
0.044118 0.014706 0.073529 0.014706 0.014706 0.044118 0.691176 0.014706 0.073529 0.014706 
0.013158 0.013158 0.013158 0.039474 0.855263 0.013158 0.013158 0.013158 0.013158 0.013158 
0.100000 0.011111 0.011111 0.011111 0.788889 0.011111 0.011111 0.011111 0.033333 0.011111 
0.020000 0.260000 0.260000 0.220000 0.100000 0.020000 0.060000 0.020000 0.020000 0.020000 
0.004132 0.004132 0.020661 0.004132 0.004132 0.640496 0.185950 0.004132 0.012397 0.119835 
0.007692 0.653846 0.069231 0.007692 0.023077 0.100000 0.007692 0.007692 0.007692 0.115385 
0.002551 0.002551 0.354592 0.211735 0.007653 0.068878 0.002551 0.007653 0.334184 0.007653 
0.087838 0.060811 0.006757 0.047297 0.006757 0.006757 0.006757 0.736486 0.020270 0.020270 
0.091837 0.051020 0.010204 0.010204 0.255102 0.010204 0.071429 0.030612 0.030612 0.438776 
0.020833 0.020833 0.020833 0.020833 0.770833 0.062500 0.020833 0.020833 0.020833 0.020833 
0.023810 0.023810 0.023810 0.119048 0.023810 0.023810 0.023810 0.023810 0.023810 0.690476 
0.009091 0.033333 0.227273 0.172727 0.003030 0.427273 0.003030 0.009091 0.112121 0.003030 
0.007463 0.067164 0.365672 0.350746 0.007463 0.037313 0.007463 0.007463 0.007463 0.141791 
0.056962 0.018987 0.023207 0.023207 0.086498 0.103376 0.027426 0.124473 0.040084 0.495781 
0.023649 0.010135 0.070946 0.043919 0.010135 0.692568 0.016892 0.010135 0.016892 0.104730 
0.007353 0.007353 0.007353 0.904412 0.007353 0.007353 0.022059 0.007353 0.007353 0.022059 
0.019737 0.506579 0.006579 0.046053 0.006579 0.085526 0.006579 0.243421 0.059211 0.019737 
0.002165 0.002165 0.032468 0.002165 0.036797 0.205628 0.348485 0.084416 0.010823 0.274892 
0.738095 0.023810 0.023810 0.023810 0.071429 0.023810 0.023810 0.023810 0.023810 0.023810 
0.129630 0.055556 0.425926 0.055556 0.018519 0.018519 0.018519 0.240741 0.018519 0.018519 
0.008621 0.008621 0.008621 0.870690 0.060345 0.008621 0.008621 0.008621 0.008621 0.008621 
0.012500 0.762500 0.012500 0.037500 0.012500 0.012500 0.062500 0.062500 0.012500 0.012500 
0.007614 0.124365 0.068528 0.022843 0.027919 0.002538 0.032995 0.002538 0.596447 0.114213 
0.020000 0.060000 0.353333 0.513333 0.006667 0.020000 0.006667 0.006667 0.006667 0.006667 
0.770833 0.062500 0.020833 0.020833 0.020833 0.020833 0.020833 0.020833 0.020833 0.020833 
0.004630 0.236111 0.032407 0.013889 0.171296 0.004630 0.004630 0.004630 0.060185 0.467593 
0.007692 0.607692 0.023077 0.053846 0.007692 0.053846 0.007692 0.069231 0.084615 0.084615 
0.021739 0.021739 0.021739 0.021739 0.021739 0.021739 0.021739 0.021739 0.021739 0.804348 
0.007246 0.021739 0.297101 0.326087 0.007246 0.094203 0.007246 0.224638 0.007246 0.007246 
0.004587 0.022936 0.004587 0.032110 0.004587 0.004587 0.004587 0.013761 0.738532 0.169725 
0.013514 0.067568 0.013514 0.013514 0.824324 0.013514 0.013514 0.013514 0.013514 0.013514 
0.010000 0.030000 0.010000 0.010000 0.010000 0.050000 0.030000 0.030000 0.010000 0.810000 
0.023810 0.023810 0.738095 0.071429 0.023810 0.023810 0.023810 0.023810 0.023810 0.023810 
0.007143 0.007143 0.121429 0.635714 0.021429 0.007143 0.035714 0.007143 0.007143 0.150000 
0.016917 0.092105 0.148496 0.302632 0.020677 0.268797 0.001880 0.016917 0.001880 0.129699 
0.034910 0.079955 0.212838 0.611486 0.001126 0.010135 0.014640 0.005631 0.001126 0.028153 
0.018519 0.018519 0.018519 0.018519 0.685185 0.018519 0.018519 0.129630 0.018519 0.055556 
0.108333 0.075000 0.008333 0.125000 0.141667 0.208333 0.041667 0.008333 0.258333 0.025000 
0.025862 0.008621 0.146552 0.008621 0.008621 0.008621 0.681034 0.008621 0.008621 0.094828 
0.014286 0.785714 0.014286 0.014286 0.042857 0.014286 0.014286 0.014286 0.042857 0.042857 
0.017857 0.053571 0.017857 0.053571 0.767857 0.017857 0.017857 0.017857 0.017857 0.017857 
0.033981 0.004854 0.247573 0.004854 0.004854 0.004854 0.305825 0.111650 0.043689 0.237864 
0.014286 0.157143 0.014286 0.014286 0.728571 0.014286 0.014286 0.014286 0.014286 0.014286 
0.001754 0.001754 0.015789 0.173684 0.015789 0.285965 0.303509 0.057895 0.022807 0.121053 
0.016667 0.016667 0.016667 0.050000 0.016667 0.016667 0.716667 0.016667 0.116667 0.016667 
0.032110 0.270642 0.077982 0.004587 0.123853 0.013761 0.050459 0.151376 0.022936 0.252294 
0.005556 0.027778 0.072222 0.138889 0.005556 0.127778 0.005556 0.005556 0.005556 0.605556 
0.119718 0.007042 0.007042 0.007042 0.485915 0.007042 0.021127 0.021127 0.007042 0.316901 
0.021739 0.065217 0.021739 0.021739 0.760870 0.021739 0.021739 0.021739 0.021739 0.021739 
0.001792 0.001792 0.396057 0.489247 0.001792 0.012545 0.001792 0.008961 0.005376 0.080645 
0.010949 0.003650 0.682482 0.244526 0.003650 0.032847 0.010949 0.003650 0.003650 0.003650 
0.040909 0.004545 0.213636 0.095455 0.004545 0.022727 0.022727 0.004545 0.250000 0.340909 
0.013158 0.013158 0.135965 0.030702 0.004386 0.092105 0.004386 0.013158 0.644737 0.048246 
0.008621 0.008621 0.646552 0.077586 0.060345 0.043103 0.008621 0.008621 0.008621 0.129310 
0.035326 0.008152 0.035326 0.290761 0.013587 0.002717 0.002717 0.589674 0.002717 0.019022 
0.003876 0.034884 0.662791 0.058140 0.011628 0.011628 0.019380 0.073643 0.003876 0.120155 
0.016667 0.383333 0.016667 0.016667 0.016667 0.016667 0.016667 0.083333 0.416667 0.016667 
0.036290 0.012097 0.278226 0.020161 0.020161 0.157258 0.100806 0.028226 0.012097 0.334677 
0.017241 0.017241 0.120690 0.017241 0.017241 0.051724 0.017241 0.017241 0.706897 0.017241 
0.068807 0.536697 0.004587 0.004587 0.041284 0.004587 0.004587 0.077982 0.252294 0.004587 
0.475610 0.109756 0.012195 0.012195 0.012195 0.036585 0.012195 0.304878 0.012195 0.012195 
0.025424 0.279661 0.008475 0.008475 0.025424 0.025424 0.008475 0.008475 0.601695 0.008475 
0.011364 0.147727 0.102273 0.034091 0.079545 0.034091 0.556818 0.011364 0.011364 0.011364 
0.002033 0.095528 0.075203 0.018293 0.010163 0.030488 0.014228 0.002033 0.750000 0.002033 
0.029412 0.735294 0.029412 0.029412 0.029412 0.029412 0.029412 0.029412 0.029412 0.029412 
0.006410 0.391026 0.019231 0.032051 0.032051 0.019231 0.006410 0.019231 0.467949 0.006410 
0.053846 0.023077 0.038462 0.007692 0.007692 0.007692 0.838462 0.007692 0.007692 0.007692 
0.085859 0.116162 0.005051 0.025253 0.570707 0.005051 0.116162 0.015152 0.005051 0.055556 
0.003937 0.003937 0.090551 0.846457 0.011811 0.003937 0.019685 0.003937 0.003937 0.011811 
0.028409 0.005682 0.051136 0.005682 0.005682 0.369318 0.437500 0.073864 0.017045 0.005682 
0.106061 0.075758 0.015152 0.318182 0.136364 0.045455 0.166667 0.045455 0.075758 0.015152 
0.003676 0.408088 0.121324 0.011029 0.003676 0.327206 0.033088 0.003676 0.084559 0.003676 
0.020000 0.020000 0.020000 0.020000 0.020000 0.020000 0.580000 0.020000 0.260000 0.020000 
0.010870 0.032609 0.010870 0.010870 0.815217 0.010870 0.054348 0.010870 0.010870 0.032609 
0.008333 0.158333 0.208333 0.008333 0.008333 0.191667 0.041667 0.341667 0.025000 0.008333 
0.011364 0.193182 0.034091 0.034091 0.011364 0.034091 0.034091 0.011364 0.625000 0.011364 
0.009615 0.009615 0.009615 0.009615 0.894231 0.009615 0.009615 0.009615 0.028846 0.009615 
0.002941 0.002941 0.361765 0.614706 0.002941 0.002941 0.002941 0.002941 0.002941 0.002941 
0.146104 0.003247 0.035714 0.152597 0.126623 0.016234 0.016234 0.016234 0.191558 0.295455 
0.003247 0.016234 0.061688 0.003247 0.009740 0.834416 0.009740 0.003247 0.016234 0.042208 
0.018519 0.055556 0.018519 0.018519 0.018519 0.018519 0.055556 0.018519 0.759259 0.018519 
0.012195 0.012195 0.012195 0.012195 0.865854 0.012195 0.012195 0.012195 0.036585 0.012195 
0.042373 0.720339 0.008475 0.059322 0.008475 0.042373 0.008475 0.008475 0.093220 0.008475 
0.032847 0.441606 0.113139 0.003650 0.018248 0.025547 0.083942 0.025547 0.244526 0.010949 
0.008475 0.110169 0.177966 0.008475 0.008475 0.059322 0.008475 0.550847 0.042373 0.025424 
0.011628 0.686047 0.058140 0.081395 0.011628 0.011628 0.011628 0.081395 0.011628 0.034884 
0.059524 0.011905 0.011905 0.011905 0.797619 0.011905 0.011905 0.011905 0.035714 0.035714 
0.083333 0.016667 0.016667 0.016667 0.016667 0.016667 0.583333 0.183333 0.016667 0.050000 
0.006410 0.006410 0.006410 0.019231 0.032051 0.006410 0.006410 0.019231 0.878205 0.019231 
0.006410 0.032051 0.314103 0.057692 0.006410 0.044872 0.519231 0.006410 0.006410 0.006410 
0.002083 0.010417 0.010417 0.052083 0.022917 0.493750 0.031250 0.343750 0.010417 0.022917 
0.006818 0.011364 0.556818 0.038636 0.002273 0.043182 0.152273 0.020455 0.002273 0.165909 
0.648148 0.018519 0.018519 0.018519 0.129630 0.018519 0.018519 0.018519 0.018519 0.092593 
0.023438 0.007812 0.007812 0.007812 0.007812 0.804688 0.007812 0.023438 0.023438 0.085938 
0.036885 0.143443 0.741803 0.012295 0.020492 0.004098 0.012295 0.012295 0.004098 0.012295 
0.012821 0.012821 0.012821 0.012821 0.884615 0.012821 0.012821 0.012821 0.012821 0.012821 
0.679487 0.141026 0.012821 0.012821 0.012821 0.012821 0.038462 0.012821 0.064103 0.012821 
0.017241 0.017241 0.568966 0.051724 0.017241 0.017241 0.017241 0.258621 0.017241 0.017241 
0.017241 0.051724 0.293103 0.534483 0.017241 0.017241 0.017241 0.017241 0.017241 0.017241 
0.640625 0.015625 0.015625 0.015625 0.078125 0.015625 0.015625 0.015625 0.109375 0.078125 
0.008772 0.008772 0.447368 0.026316 0.026316 0.008772 0.026316 0.026316 0.008772 0.412281 
0.011811 0.027559 0.381890 0.027559 0.027559 0.011811 0.484252 0.011811 0.011811 0.003937 
0.004000 0.004000 0.084000 0.004000 0.020000 0.020000 0.340000 0.100000 0.004000 0.420000 
0.012931 0.004310 0.331897 0.556034 0.004310 0.004310 0.004310 0.030172 0.012931 0.038793 
0.044118 0.338235 0.014706 0.014706 0.044118 0.014706 0.014706 0.014706 0.102941 0.397059 
0.013889 0.013889 0.013889 0.013889 0.847222 0.013889 0.013889 0.013889 0.013889 0.041667 
0.620000 0.020000 0.020000 0.020000 0.060000 0.020000 0.020000 0.180000 0.020000 0.020000 
0.049133 0.395954 0.008671 0.193642 0.002890 0.031792 0.002890 0.066474 0.170520 0.078035 
0.010870 0.032609 0.010870 0.010870 0.032609 0.010870 0.010870 0.010870 0.010870 0.858696 
0.022388 0.007463 0.022388 0.007463 0.007463 0.007463 0.007463 0.007463 0.902985 0.007463 
0.016667 0.683333 0.016667 0.016667 0.016667 0.016667 0.050000 0.050000 0.116667 0.016667 
0.300000 0.033333 0.033333 0.033333 0.433333 0.033333 0.033333 0.033333 0.033333 0.033333 
0.011905 0.011905 0.059524 0.035714 0.035714 0.011905 0.773810 0.011905 0.011905 0.035714 
0.004762 0.004762 0.157143 0.052381 0.004762 0.014286 0.052381 0.490476 0.052381 0.166667 
0.016667 0.016667 0.016667 0.050000 0.250000 0.016667 0.083333 0.050000 0.050000 0.450000 
0.006494 0.071429 0.538961 0.006494 0.006494 0.292208 0.019481 0.006494 0.006494 0.045455 
0.220000 0.060000 0.020000 0.020000 0.020000 0.020000 0.020000 0.580000 0.020000 0.020000 
0.013158 0.013158 0.013158 0.776316 0.092105 0.013158 0.013158 0.039474 0.013158 0.013158 
0.068182 0.022727 0.022727 0.022727 0.750000 0.022727 0.022727 0.022727 0.022727 0.022727 
0.149351 0.019481 0.045455 0.006494 0.006494 0.006494 0.019481 0.720779 0.019481 0.006494 
0.103774 0.009434 0.028302 0.009434 0.801887 0.009434 0.009434 0.009434 0.009434 0.009434 
0.007937 0.150794 0.309524 0.039683 0.007937 0.023810 0.293651 0.150794 0.007937 0.007937 
0.100000 0.100000 0.033333 0.100000 0.500000 0.033333 0.033333 0.033333 0.033333 0.033333 
0.041667 0.597222 0.013889 0.041667 0.013889 0.013889 0.013889 0.180556 0.041667 0.041667 
0.005208 0.005208 0.005208 0.005208 0.005208 0.015625 0.890625 0.026042 0.005208 0.036458 
0.023148 0.004630 0.004630 0.004630 0.393519 0.004630 0.023148 0.328704 0.050926 0.162037 
0.005263 0.005263 0.036842 0.068421 0.005263 0.805263 0.057895 0.005263 0.005263 0.005263 
0.005618 0.028090 0.005618 0.005618 0.005618 0.219101 0.488764 0.196629 0.039326 0.005618 
0.045455 0.015152 0.045455 0.015152 0.742424 0.015152 0.015152 0.075758 0.015152 0.015152 
0.157143 0.357143 0.100000 0.100000 0.128571 0.014286 0.071429 0.014286 0.014286 0.042857 
0.006024 0.487952 0.042169 0.018072 0.006024 0.319277 0.018072 0.006024 0.078313 0.018072 
0.763158 0.026316 0.026316 0.026316 0.026316 0.026316 0.026316 0.026316 0.026316 0.026316 
0.006410 0.006410 0.044872 0.006410 0.006410 0.096154 0.108974 0.711538 0.006410 0.006410 
0.004274 0.004274 0.363248 0.012821 0.012821 0.098291 0.038462 0.414530 0.004274 0.047009 
0.006944 0.002315 0.196759 0.006944 0.020833 0.057870 0.687500 0.002315 0.011574 0.006944 
0.007060 0.003209 0.336970 0.062259 0.004493 0.503851 0.035302 0.004493 0.014763 0.027599 
0.013514 0.013514 0.013514 0.013514 0.851351 0.013514 0.013514 0.013514 0.013514 0.040541 
0.016456 0.001266 0.317722 0.082278 0.003797 0.239241 0.003797 0.003797 0.001266 0.330380 
0.027273 0.045455 0.009091 0.009091 0.554545 0.009091 0.009091 0.245455 0.009091 0.081818 
0.007692 0.007692 0.007692 0.023077 0.007692 0.007692 0.915385 0.007692 0.007692 0.007692 
0.003731 0.011194 0.085821 0.003731 0.003731 0.041045 0.578358 0.003731 0.003731 0.264925 
0.183333 0.016667 0.016667 0.016667 0.583333 0.016667 0.016667 0.016667 0.016667 0.116667 
0.004808 0.004808 0.014423 0.004808 0.004808 0.177885 0.091346 0.668269 0.004808 0.024038 
0.010870 0.054348 0.010870 0.054348 0.054348 0.010870 0.032609 0.554348 0.010870 0.206522 
0.107143 0.221429 0.007143 0.021429 0.007143 0.121429 0.007143 0.064286 0.364286 0.078571 
0.021739 0.021739 0.369565 0.413043 0.065217 0.021739 0.021739 0.021739 0.021739 0.021739 
0.004717 0.004717 0.061321 0.778302 0.004717 0.061321 0.023585 0.004717 0.004717 0.051887 
0.017857 0.017857 0.017857 0.017857 0.375000 0.017857 0.017857 0.017857 0.303571 0.196429 
0.011364 0.034091 0.011364 0.011364 0.579545 0.011364 0.011364 0.011364 0.011364 0.306818 
0.014286 0.042857 0.014286 0.014286 0.757143 0.014286 0.014286 0.014286 0.100000 0.014286 
0.422414 0.025862 0.008621 0.077586 0.336207 0.008621 0.008621 0.008621 0.043103 0.060345 
0.023490 0.258389 0.238255 0.063758 0.003356 0.003356 0.003356 0.003356 0.399329 0.003356 
0.055000 0.295000 0.025000 0.005000 0.265000 0.005000 0.005000 0.055000 0.035000 0.255000 
0.040541 0.310811 0.040541 0.013514 0.013514 0.013514 0.013514 0.094595 0.445946 0.013514 
0.002717 0.122283 0.095109 0.002717 0.013587 0.008152 0.241848 0.480978 0.002717 0.029891 
0.016129 0.016129 0.016129 0.016129 0.790323 0.016129 0.048387 0.048387 0.016129 0.016129 
0.010204 0.030612 0.010204 0.010204 0.010204 0.091837 0.010204 0.010204 0.010204 0.806122 
0.550000 0.016667 0.016667 0.050000 0.250000 0.016667 0.016667 0.016667 0.050000 0.016667 
0.690476 0.071429 0.023810 0.023810 0.023810 0.023810 0.023810 0.023810 0.023810 0.071429 
0.191589 0.004673 0.004673 0.443925 0.098131 0.107477 0.004673 0.014019 0.116822 0.014019 
0.006579 0.006579 0.006579 0.006579 0.940789 0.006579 0.006579 0.006579 0.006579 0.006579 
0.011811 0.003937 0.011811 0.271654 0.003937 0.003937 0.082677 0.051181 0.003937 0.555118 
0.001408 0.074648 0.100000 0.015493 0.001408 0.009859 0.001408 0.004225 0.705634 0.085915 
0.008475 0.093220 0.025424 0.008475 0.737288 0.025424 0.076271 0.008475 0.008475 0.008475 
0.011628 0.011628 0.034884 0.058140 0.011628 0.476744 0.197674 0.081395 0.058140 0.058140 
0.045455 0.045455 0.100000 0.009091 0.009091 0.336364 0.227273 0.027273 0.009091 0.190909 
0.006098 0.445122 0.140244 0.091463 0.006098 0.030488 0.006098 0.030488 0.237805 0.006098 
0.004274 0.004274 0.269231 0.038462 0.004274 0.594017 0.029915 0.029915 0.004274 0.021368 
0.007375 0.004425 0.373156 0.535398 0.001475 0.001475 0.001475 0.004425 0.001475 0.069322 
0.612500 0.012500 0.012500 0.012500 0.162500 0.012500 0.012500 0.062500 0.012500 0.087500 
0.357143 0.071429 0.071429 0.071429 0.071429 0.071429 0.071429 0.071429 0.071429 0.071429 
0.029412 0.029412 0.029412 0.676471 0.029412 0.088235 0.029412 0.029412 0.029412 0.029412 
0.025000 0.025000 0.025000 0.025000 0.725000 0.025000 0.025000 0.075000 0.025000 0.025000 
0.026316 0.026316 0.026316 0.078947 0.710526 0.026316 0.026316 0.026316 0.026316 0.026316 
0.138889 0.027778 0.027778 0.083333 0.583333 0.027778 0.027778 0.027778 0.027778 0.027778 
0.015152 0.015152 0.045455 0.681818 0.045455 0.106061 0.015152 0.045455 0.015152 0.015152 
0.006494 0.006494 0.032468 0.006494 0.006494 0.006494 0.006494 0.006494 0.006494 0.915584 
0.620000 0.100000 0.020000 0.020000 0.020000 0.060000 0.020000 0.020000 0.020000 0.100000 
0.014286 0.014286 0.014286 0.014286 0.842857 0.014286 0.014286 0.042857 0.014286 0.014286 
0.032468 0.110390 0.019481 0.006494 0.006494 0.603896 0.032468 0.162338 0.019481 0.006494 
0.001645 0.008224 0.129934 0.011513 0.001645 0.274671 0.462171 0.001645 0.001645 0.106908 
0.446429 0.375000 0.017857 0.017857 0.017857 0.017857 0.017857 0.017857 0.053571 0.017857 
0.002591 0.012953 0.707254 0.044041 0.002591 0.183938 0.002591 0.002591 0.023316 0.018135 
0.020000 0.020000 0.060000 0.020000 0.020000 0.020000 0.740000 0.060000 0.020000 0.020000 
0.023438 0.226562 0.007812 0.085938 0.007812 0.007812 0.070312 0.414062 0.148438 0.007812 
0.009804 0.009804 0.009804 0.029412 0.205882 0.009804 0.009804 0.009804 0.068627 0.637255 
0.002994 0.002994 0.050898 0.260479 0.002994 0.002994 0.577844 0.002994 0.008982 0.086826 
0.038462 0.012821 0.192308 0.012821 0.012821 0.012821 0.012821 0.064103 0.064103 0.576923 
0.004464 0.031250 0.004464 0.058036 0.022321 0.156250 0.058036 0.656250 0.004464 0.004464 
0.004808 0.014423 0.312500 0.043269 0.014423 0.187500 0.245192 0.014423 0.110577 0.052885 
0.009091 0.009091 0.045455 0.772727 0.100000 0.009091 0.009091 0.009091 0.009091 0.027273 
0.015789 0.005263 0.531579 0.015789 0.005263 0.352632 0.015789 0.005263 0.047368 0.005263 
0.012821 0.012821 0.012821 0.012821 0.012821 0.012821 0.038462 0.012821 0.012821 0.858974 
0.283784 0.013514 0.013514 0.013514 0.148649 0.013514 0.013514 0.013514 0.121622 0.364865 
0.012195 0.012195 0.012195 0.012195 0.890244 0.012195 0.012195 0.012195 0.012195 0.012195 
0.130137 0.239726 0.020548 0.020548 0.061644 0.034247 0.020548 0.006849 0.075342 0.390411 
0.045455 0.742424 0.015152 0.045455 0.015152 0.015152 0.015152 0.015152 0.045455 0.045455 
0.018519 0.018519 0.018519 0.018519 0.018519 0.018519 0.092593 0.018519 0.018519 0.759259 
0.075758 0.015152 0.015152 0.015152 0.015152 0.045455 0.045455 0.166667 0.560606 0.045455 
0.012500 0.062500 0.012500 0.012500 0.787500 0.012500 0.012500 0.037500 0.012500 0.037500 
0.022436 0.060897 0.394231 0.214744 0.003205 0.060897 0.131410 0.003205 0.003205 0.105769 
0.763158 0.026316 0.026316 0.026316 0.026316 0.026316 0.026316 0.026316 0.026316 0.026316 
0.017241 0.120690 0.017241 0.741379 0.017241 0.017241 0.017241 0.017241 0.017241 0.017241 
0.027778 0.083333 0.027778 0.027778 0.638889 0.027778 0.027778 0.027778 0.027778 0.083333 
0.021739 0.586957 0.021739 0.021739 0.065217 0.021739 0.021739 0.021739 0.195652 0.021739 
0.009434 0.688679 0.009434 0.009434 0.009434 0.103774 0.028302 0.084906 0.009434 0.047170 
0.053030 0.128788 0.068182 0.159091 0.022727 0.007576 0.022727 0.053030 0.098485 0.386364 
0.009259 0.046296 0.009259 0.064815 0.009259 0.009259 0.009259 0.824074 0.009259 0.009259 
0.023810 0.023810 0.071429 0.023810 0.738095 0.023810 0.023810 0.023810 0.023810 0.023810 
0.014286 0.185714 0.042857 0.128571 0.300000 0.100000 0.014286 0.071429 0.100000 0.042857 
0.479730 0.155405 0.006757 0.155405 0.006757 0.020270 0.006757 0.006757 0.141892 0.020270 
0.055556 0.544444 0.011111 0.011111 0.033333 0.011111 0.011111 0.011111 0.300000 0.011111 
0.014706 0.750000 0.014706 0.014706 0.132353 0.014706 0.014706 0.014706 0.014706 0.014706 
0.012821 0.038462 0.038462 0.012821 0.833333 0.012821 0.012821 0.012821 0.012821 0.012821 
0.017241 0.017241 0.051724 0.051724 0.017241 0.086207 0.017241 0.017241 0.706897 0.017241 
0.010870 0.010870 0.010870 0.032609 0.010870 0.010870 0.054348 0.010870 0.836957 0.010870 
0.009434 0.009434 0.688679 0.066038 0.009434 0.028302 0.160377 0.009434 0.009434 0.009434 
0.026316 0.026316 0.026316 0.026316 0.657895 0.026316 0.026316 0.131579 0.026316 0.026316 
0.012438 0.276119 0.256219 0.002488 0.032338 0.176617 0.042289 0.017413 0.002488 0.181592 
0.006098 0.018293 0.006098 0.006098 0.896341 0.006098 0.018293 0.006098 0.030488 0.006098 
0.023810 0.023810 0.023810 0.785714 0.023810 0.023810 0.023810 0.023810 0.023810 0.023810 
0.005000 0.005000 0.005000 0.945000 0.005000 0.005000 0.015000 0.005000 0.005000 0.005000 
0.005263 0.005263 0.005263 0.005263 0.005263 0.036842 0.847368 0.005263 0.015789 0.068421 
0.114583 0.010417 0.010417 0.010417 0.760417 0.031250 0.031250 0.010417 0.010417 0.010417 
0.008065 0.782258 0.008065 0.024194 0.008065 0.024194 0.008065 0.024194 0.104839 0.008065 
0.032588 0.006518 0.239292 0.328678 0.000931 0.004655 0.000931 0.079143 0.058659 0.248603 
0.595238 0.023810 0.023810 0.023810 0.119048 0.023810 0.023810 0.119048 0.023810 0.023810 
0.007353 0.022059 0.125000 0.625000 0.007353 0.022059 0.007353 0.007353 0.007353 0.169118 
0.012195 0.036585 0.085366 0.012195 0.060976 0.012195 0.719512 0.012195 0.036585 0.012195 
0.042683 0.006098 0.128049 0.006098 0.006098 0.030488 0.628049 0.006098 0.018293 0.128049 
0.026786 0.723214 0.008929 0.062500 0.008929 0.044643 0.008929 0.026786 0.044643 0.044643 
0.002427 0.308252 0.167476 0.012136 0.012136 0.118932 0.002427 0.002427 0.366505 0.007282 
0.673077 0.019231 0.019231 0.019231 0.019231 0.057692 0.057692 0.057692 0.019231 0.057692 
0.011111 0.655556 0.011111 0.233333 0.011111 0.011111 0.011111 0.033333 0.011111 0.011111 
0.006173 0.364198 0.006173 0.006173 0.141975 0.006173 0.006173 0.018519 0.030864 0.413580 
0.009615 0.375000 0.067308 0.163462 0.009615 0.105769 0.009615 0.240385 0.009615 0.009615 
0.018519 0.018519 0.018519 0.018519 0.833333 0.018519 0.018519 0.018519 0.018519 0.018519 
0.011905 0.011905 0.011905 0.059524 0.250000 0.011905 0.011905 0.178571 0.011905 0.440476 
0.020833 0.020833 0.020833 0.729167 0.020833 0.020833 0.020833 0.020833 0.020833 0.104167 
0.017857 0.017857 0.017857 0.017857 0.839286 0.017857 0.017857 0.017857 0.017857 0.017857 
0.075758 0.742424 0.015152 0.015152 0.045455 0.045455 0.015152 0.015152 0.015152 0.015152 
0.009804 0.009804 0.264706 0.598039 0.009804 0.009804 0.009804 0.049020 0.029412 0.009804 
0.020833 0.020833 0.020833 0.020833 0.687500 0.145833 0.020833 0.020833 0.020833 0.020833 
0.008333 0.008333 0.008333 0.041667 0.008333 0.008333 0.025000 0.075000 0.808333 0.008333 
0.009091 0.009091 0.009091 0.009091 0.009091 0.027273 0.009091 0.009091 0.009091 0.900000 
0.007576 0.007576 0.007576 0.022727 0.916667 0.007576 0.007576 0.007576 0.007576 0.007576 
0.005952 0.291667 0.005952 0.017857 0.279762 0.005952 0.005952 0.125000 0.005952 0.255952 
0.003030 0.003030 0.009091 0.003030 0.075758 0.015152 0.009091 0.481818 0.281818 0.118182 
0.012821 0.226496 0.038462 0.004274 0.235043 0.004274 0.004274 0.004274 0.038462 0.431624 
0.009091 0.627273 0.027273 0.009091 0.009091 0.009091 0.027273 0.009091 0.190909 0.081818 
0.009434 0.009434 0.009434 0.745283 0.103774 0.009434 0.047170 0.009434 0.009434 0.047170 
0.039474 0.065789 0.065789 0.013158 0.328947 0.013158 0.013158 0.065789 0.013158 0.381579 
0.020833 0.012500 0.237500 0.012500 0.004167 0.037500 0.004167 0.004167 0.004167 0.662500 
0.022727 0.068182 0.068182 0.022727 0.704545 0.022727 0.022727 0.022727 0.022727 0.022727 
0.009804 0.049020 0.009804 0.009804 0.029412 0.186275 0.009804 0.676471 0.009804 0.009804 
0.017241 0.086207 0.017241 0.258621 0.086207 0.051724 0.051724 0.017241 0.017241 0.396552 
0.026316 0.394737 0.043860 0.026316 0.026316 0.026316 0.008772 0.429825 0.008772 0.008772 
0.027559 0.003937 0.059055 0.594488 0.090551 0.003937 0.003937 0.003937 0.003937 0.208661 
0.009259 0.324074 0.009259 0.009259 0.064815 0.009259 0.027778 0.064815 0.064815 0.416667 
0.004587 0.010703 0.056575 0.769113 0.004587 0.041284 0.001529 0.001529 0.001529 0.108563 
0.007812 0.007812 0.445312 0.023438 0.007812 0.101562 0.179688 0.195312 0.023438 0.007812 
0.048387 0.048387 0.016129 0.016129 0.693548 0.016129 0.016129 0.016129 0.016129 0.112903 
0.004274 0.123932 0.004274 0.072650 0.004274 0.004274 0.004274 0.004274 0.722222 0.055556 
0.021429 0.035714 0.035714 0.050000 0.007143 0.007143 0.721429 0.050000 0.064286 0.007143 
0.008333 0.008333 0.008333 0.441667 0.041667 0.008333 0.425000 0.025000 0.025000 0.008333 
0.675000 0.025000 0.025000 0.075000 0.025000 0.025000 0.075000 0.025000 0.025000 0.025000 
0.034884 0.755814 0.011628 0.058140 0.034884 0.011628 0.011628 0.034884 0.011628 0.034884 
0.004425 0.030973 0.048673 0.066372 0.004425 0.190265 0.623894 0.004425 0.004425 0.022124 
0.012605 0.021008 0.054622 0.004202 0.004202 0.659664 0.021008 0.121849 0.012605 0.088235 
0.008475 0.008475 0.008475 0.008475 0.381356 0.076271 0.025424 0.381356 0.008475 0.093220 
0.171053 0.013158 0.013158 0.013158 0.697368 0.013158 0.013158 0.039474 0.013158 0.013158 
0.044118 0.014706 0.014706 0.014706 0.838235 0.014706 0.014706 0.014706 0.014706 0.014706 
0.004587 0.004587 0.059633 0.004587 0.004587 0.821101 0.013761 0.077982 0.004587 0.004587 
0.011628 0.011628 0.034884 0.011628 0.011628 0.011628 0.011628 0.011628 0.872093 0.011628 
0.645833 0.104167 0.020833 0.020833 0.062500 0.020833 0.020833 0.020833 0.020833 0.062500 
0.008333 0.008333 0.008333 0.058333 0.008333 0.008333 0.008333 0.008333 0.008333 0.875000 
0.035714 0.702381 0.011905 0.035714 0.011905 0.011905 0.011905 0.035714 0.059524 0.083333 
0.036765 0.801471 0.022059 0.036765 0.007353 0.007353 0.007353 0.022059 0.007353 0.051471 
0.007042 0.007042 0.021127 0.049296 0.007042 0.500000 0.007042 0.387324 0.007042 0.007042 
0.004274 0.072650 0.089744 0.320513 0.021368 0.200855 0.004274 0.038462 0.004274 0.243590 
0.021739 0.152174 0.021739 0.021739 0.630435 0.021739 0.021739 0.021739 0.021739 0.065217 
0.009804 0.009804 0.009804 0.794118 0.029412 0.009804 0.088235 0.009804 0.009804 0.029412 
0.008475 0.008475 0.008475 0.008475 0.008475 0.008475 0.635593 0.042373 0.008475 0.262712 
0.050725 0.065217 0.007246 0.021739 0.731884 0.007246 0.036232 0.021739 0.007246 0.050725 
0.595238 0.023810 0.023810 0.023810 0.214286 0.023810 0.023810 0.023810 0.023810 0.023810 
0.049618 0.332061 0.003817 0.026718 0.454198 0.003817 0.026718 0.003817 0.003817 0.095420 
0.565789 0.302632 0.013158 0.013158 0.013158 0.013158 0.013158 0.013158 0.039474 0.013158 
0.704545 0.022727 0.022727 0.022727 0.022727 0.022727 0.068182 0.068182 0.022727 0.022727 
0.407895 0.065789 0.039474 0.013158 0.250000 0.092105 0.013158 0.013158 0.065789 0.039474 
0.416667 0.107143 0.011905 0.035714 0.011905 0.059524 0.011905 0.035714 0.297619 0.011905 
0.013889 0.013889 0.013889 0.013889 0.847222 0.013889 0.013889 0.041667 0.013889 0.013889 
0.002439 0.002439 0.031707 0.046341 0.002439 0.007317 0.012195 0.051220 0.817073 0.026829 
0.022727 0.780303 0.053030 0.022727 0.007576 0.007576 0.007576 0.007576 0.007576 0.083333 
0.008929 0.008929 0.008929 0.794643 0.008929 0.008929 0.008929 0.044643 0.008929 0.098214 
0.038462 0.038462 0.012821 0.012821 0.833333 0.012821 0.012821 0.012821 0.012821 0.012821 
0.005747 0.001916 0.373563 0.281609 0.001916 0.001916 0.001916 0.024904 0.001916 0.304598 
0.002778 0.002778 0.002778 0.002778 0.002778 0.002778 0.002778 0.025000 0.002778 0.952778 
0.033333 0.033333 0.033333 0.033333 0.700000 0.033333 0.033333 0.033333 0.033333 0.033333 
0.024194 0.040323 0.088710 0.008065 0.008065 0.008065 0.008065 0.008065 0.750000 0.056452 
0.141026 0.602564 0.038462 0.038462 0.038462 0.012821 0.012821 0.089744 0.012821 0.012821 
0.008065 0.088710 0.040323 0.072581 0.104839 0.008065 0.491935 0.120968 0.008065 0.056452 
0.055556 0.018519 0.055556 0.351852 0.055556 0.018519 0.203704 0.055556 0.018519 0.166667 
0.008621 0.043103 0.008621 0.008621 0.060345 0.008621 0.008621 0.008621 0.836207 0.008621 
0.166667 0.023810 0.023810 0.007937 0.150794 0.007937 0.007937 0.023810 0.134921 0.452381 
0.001908 0.001908 0.028626 0.013359 0.005725 0.723282 0.001908 0.196565 0.017176 0.009542 
0.025000 0.075000 0.025000 0.025000 0.675000 0.075000 0.025000 0.025000 0.025000 0.025000 
0.001718 0.018900 0.352234 0.379725 0.029210 0.005155 0.001718 0.022337 0.001718 0.187285 
0.007353 0.007353 0.007353 0.007353 0.007353 0.007353 0.786765 0.007353 0.022059 0.139706 
0.006494 0.006494 0.136364 0.097403 0.019481 0.019481 0.655844 0.019481 0.032468 0.006494 
0.025000 0.008333 0.008333 0.008333 0.025000 0.008333 0.008333 0.858333 0.025000 0.025000 
0.134615 0.019231 0.019231 0.019231 0.711538 0.019231 0.019231 0.019231 0.019231 0.019231 
0.038462 0.038462 0.361538 0.500000 0.007692 0.007692 0.007692 0.007692 0.007692 0.023077 
0.011905 0.011905 0.011905 0.059524 0.107143 0.011905 0.011905 0.011905 0.011905 0.750000 
