alpha=0.500000
beta=0.100000
ntopics=10
ndocs=7750
nwords=21588
liter=1000
