0.004274 0.012821 0.200855 0.004274 0.038462 0.431624 0.012821 0.243590 0.029915 0.021368 
0.039683 0.039683 0.055556 0.007937 0.007937 0.039683 0.626984 0.007937 0.166667 0.007937 
0.021739 0.152174 0.065217 0.065217 0.021739 0.021739 0.108696 0.500000 0.021739 0.021739 
0.001377 0.001377 0.579890 0.249311 0.001377 0.001377 0.006887 0.004132 0.001377 0.152893 
0.036585 0.060976 0.012195 0.256098 0.036585 0.012195 0.426829 0.012195 0.134146 0.012195 
0.050000 0.050000 0.083333 0.083333 0.216667 0.050000 0.016667 0.016667 0.116667 0.316667 
0.013514 0.004505 0.022523 0.004505 0.004505 0.193694 0.554054 0.103604 0.049550 0.049550 
0.012000 0.004000 0.572000 0.340000 0.004000 0.012000 0.004000 0.004000 0.004000 0.044000 
0.007246 0.007246 0.369565 0.543478 0.007246 0.036232 0.007246 0.007246 0.007246 0.007246 
0.237705 0.024590 0.008197 0.073770 0.024590 0.008197 0.008197 0.024590 0.336066 0.254098 
0.166667 0.452381 0.023810 0.023810 0.023810 0.119048 0.023810 0.023810 0.119048 0.023810 
0.089789 0.029930 0.012324 0.132042 0.466549 0.001761 0.001761 0.125000 0.005282 0.135563 
0.010204 0.051020 0.010204 0.010204 0.785714 0.051020 0.030612 0.010204 0.030612 0.010204 
0.202128 0.095745 0.031915 0.010638 0.010638 0.010638 0.010638 0.031915 0.478723 0.117021 
0.006250 0.018750 0.006250 0.006250 0.931250 0.006250 0.006250 0.006250 0.006250 0.006250 
0.003030 0.209091 0.148485 0.221212 0.063636 0.003030 0.003030 0.003030 0.100000 0.245455 
0.009259 0.009259 0.027778 0.009259 0.879630 0.009259 0.009259 0.009259 0.009259 0.027778 
0.071429 0.757143 0.014286 0.014286 0.014286 0.014286 0.042857 0.014286 0.042857 0.014286 
0.009259 0.003086 0.163580 0.027778 0.003086 0.138889 0.626543 0.009259 0.009259 0.009259 
0.021739 0.021739 0.065217 0.021739 0.586957 0.195652 0.021739 0.021739 0.021739 0.021739 
0.008621 0.387931 0.008621 0.008621 0.008621 0.043103 0.008621 0.456897 0.008621 0.060345 
0.419118 0.007353 0.007353 0.036765 0.110294 0.007353 0.007353 0.007353 0.389706 0.007353 
0.009615 0.086538 0.009615 0.009615 0.836538 0.009615 0.009615 0.009615 0.009615 0.009615 
0.004630 0.004630 0.912037 0.004630 0.004630 0.032407 0.004630 0.004630 0.013889 0.013889 
0.002404 0.012019 0.002404 0.112981 0.002404 0.257212 0.444712 0.156250 0.002404 0.007212 
0.008772 0.026316 0.289474 0.412281 0.061404 0.078947 0.008772 0.008772 0.026316 0.078947 
0.016176 0.007353 0.189706 0.007353 0.022059 0.036765 0.592647 0.007353 0.001471 0.119118 
0.552632 0.026316 0.026316 0.026316 0.236842 0.026316 0.026316 0.026316 0.026316 0.026316 
0.021739 0.021739 0.021739 0.021739 0.804348 0.021739 0.021739 0.021739 0.021739 0.021739 
0.005747 0.557471 0.017241 0.086207 0.040230 0.017241 0.005747 0.005747 0.178161 0.086207 
0.010417 0.052083 0.010417 0.156250 0.052083 0.010417 0.010417 0.052083 0.635417 0.010417 
0.020000 0.020000 0.020000 0.020000 0.780000 0.020000 0.020000 0.060000 0.020000 0.020000 
0.738095 0.023810 0.023810 0.023810 0.023810 0.023810 0.071429 0.023810 0.023810 0.023810 
0.055556 0.080247 0.018519 0.006173 0.006173 0.006173 0.006173 0.055556 0.364198 0.401235 
0.030864 0.018519 0.129630 0.216049 0.006173 0.006173 0.524691 0.006173 0.055556 0.006173 
0.001479 0.007396 0.389053 0.536982 0.010355 0.022189 0.001479 0.001479 0.007396 0.022189 
0.007937 0.007937 0.007937 0.023810 0.007937 0.039683 0.023810 0.865079 0.007937 0.007937 
0.562500 0.187500 0.020833 0.020833 0.020833 0.062500 0.020833 0.020833 0.020833 0.062500 
0.250000 0.273810 0.107143 0.011905 0.011905 0.011905 0.011905 0.011905 0.250000 0.059524 
0.008333 0.008333 0.008333 0.008333 0.091667 0.125000 0.725000 0.008333 0.008333 0.008333 
0.015244 0.003049 0.923780 0.003049 0.003049 0.009146 0.003049 0.003049 0.003049 0.033537 
0.021739 0.021739 0.021739 0.021739 0.021739 0.065217 0.021739 0.021739 0.760870 0.021739 
0.001825 0.078467 0.717153 0.027372 0.001825 0.020073 0.009124 0.001825 0.005474 0.136861 
0.763158 0.026316 0.026316 0.026316 0.026316 0.026316 0.026316 0.026316 0.026316 0.026316 
0.023364 0.004673 0.004673 0.004673 0.911215 0.004673 0.004673 0.004673 0.023364 0.014019 
0.010791 0.053957 0.384892 0.485612 0.010791 0.003597 0.003597 0.032374 0.010791 0.003597 
0.010000 0.010000 0.010000 0.790000 0.010000 0.010000 0.030000 0.010000 0.070000 0.050000 
0.001453 0.001453 0.879360 0.021802 0.001453 0.010174 0.021802 0.001453 0.010174 0.050872 
0.002066 0.448347 0.167355 0.092975 0.002066 0.002066 0.059917 0.002066 0.221074 0.002066 
0.040541 0.013514 0.013514 0.013514 0.851351 0.013514 0.013514 0.013514 0.013514 0.013514 
0.003731 0.003731 0.026119 0.033582 0.078358 0.003731 0.011194 0.003731 0.727612 0.108209 
0.004032 0.044355 0.060484 0.084677 0.020161 0.197581 0.028226 0.552419 0.004032 0.004032 
0.010776 0.049569 0.713362 0.019397 0.006466 0.075431 0.045259 0.002155 0.045259 0.032328 
0.024194 0.008065 0.008065 0.008065 0.024194 0.008065 0.008065 0.008065 0.895161 0.008065 
0.008929 0.687500 0.169643 0.008929 0.026786 0.062500 0.008929 0.008929 0.008929 0.008929 
0.001412 0.001412 0.100282 0.004237 0.004237 0.631356 0.001412 0.105932 0.009887 0.139831 
0.009091 0.027273 0.009091 0.009091 0.900000 0.009091 0.009091 0.009091 0.009091 0.009091 
0.007042 0.021127 0.049296 0.021127 0.077465 0.218310 0.302817 0.288732 0.007042 0.007042 
0.039007 0.003546 0.003546 0.024823 0.003546 0.010638 0.010638 0.003546 0.882979 0.017730 
0.021739 0.021739 0.021739 0.021739 0.021739 0.021739 0.804348 0.021739 0.021739 0.021739 
0.673913 0.065217 0.021739 0.021739 0.021739 0.065217 0.065217 0.021739 0.021739 0.021739 
0.018750 0.006250 0.356250 0.056250 0.006250 0.456250 0.006250 0.018750 0.006250 0.068750 
0.002959 0.014793 0.476331 0.446746 0.002959 0.014793 0.002959 0.002959 0.002959 0.032544 
0.040323 0.040323 0.008065 0.024194 0.040323 0.024194 0.008065 0.008065 0.766129 0.040323 
0.775000 0.025000 0.025000 0.025000 0.025000 0.025000 0.025000 0.025000 0.025000 0.025000 
0.023810 0.023810 0.023810 0.071429 0.023810 0.119048 0.023810 0.023810 0.642857 0.023810 
0.002793 0.002793 0.639665 0.002793 0.008380 0.025140 0.002793 0.310056 0.002793 0.002793 
0.003268 0.016340 0.571895 0.356209 0.003268 0.003268 0.003268 0.003268 0.016340 0.022876 
0.009690 0.001938 0.153101 0.021318 0.001938 0.005814 0.800388 0.001938 0.001938 0.001938 
0.021739 0.021739 0.021739 0.760870 0.021739 0.021739 0.021739 0.021739 0.065217 0.021739 
0.045000 0.005000 0.105000 0.045000 0.005000 0.725000 0.015000 0.015000 0.005000 0.035000 
0.012821 0.474359 0.012821 0.141026 0.012821 0.012821 0.012821 0.064103 0.192308 0.064103 
0.003788 0.147727 0.003788 0.003788 0.018939 0.155303 0.018939 0.117424 0.465909 0.064394 
0.008621 0.008621 0.008621 0.043103 0.077586 0.353448 0.008621 0.370690 0.025862 0.094828 
0.742424 0.075758 0.015152 0.075758 0.015152 0.015152 0.015152 0.015152 0.015152 0.015152 
0.008065 0.008065 0.443548 0.491935 0.008065 0.008065 0.008065 0.008065 0.008065 0.008065 
0.031915 0.670213 0.095745 0.010638 0.010638 0.010638 0.138298 0.010638 0.010638 0.010638 
0.010870 0.010870 0.026398 0.150621 0.029503 0.057453 0.023292 0.066770 0.097826 0.526398 
0.039474 0.828947 0.013158 0.013158 0.013158 0.013158 0.039474 0.013158 0.013158 0.013158 
0.009804 0.009804 0.009804 0.186275 0.009804 0.068627 0.029412 0.617647 0.009804 0.049020 
0.795455 0.022727 0.022727 0.022727 0.022727 0.022727 0.022727 0.022727 0.022727 0.022727 
0.017241 0.051724 0.017241 0.017241 0.017241 0.017241 0.017241 0.810345 0.017241 0.017241 
0.002809 0.008427 0.014045 0.103933 0.002809 0.042135 0.025281 0.025281 0.002809 0.772472 
0.002193 0.002193 0.967105 0.002193 0.002193 0.006579 0.002193 0.002193 0.006579 0.006579 
0.026316 0.026316 0.026316 0.026316 0.657895 0.026316 0.026316 0.026316 0.131579 0.026316 
0.690476 0.023810 0.023810 0.119048 0.023810 0.023810 0.023810 0.023810 0.023810 0.023810 
0.082090 0.007463 0.007463 0.007463 0.783582 0.007463 0.007463 0.052239 0.037313 0.007463 
0.144737 0.013158 0.013158 0.039474 0.644737 0.013158 0.039474 0.065789 0.013158 0.013158 
0.007463 0.141791 0.529851 0.067164 0.007463 0.037313 0.007463 0.156716 0.022388 0.022388 
0.026786 0.026786 0.366071 0.044643 0.205357 0.026786 0.008929 0.008929 0.080357 0.205357 
0.004464 0.022321 0.093750 0.040179 0.102679 0.486607 0.004464 0.022321 0.066964 0.156250 
0.043860 0.535088 0.008772 0.008772 0.043860 0.008772 0.254386 0.008772 0.078947 0.008772 
0.005556 0.005556 0.005556 0.005556 0.927778 0.005556 0.016667 0.005556 0.016667 0.005556 
0.002451 0.026961 0.811275 0.012255 0.002451 0.095588 0.036765 0.007353 0.002451 0.002451 
0.004032 0.165323 0.762097 0.004032 0.004032 0.020161 0.020161 0.004032 0.012097 0.004032 
0.589286 0.053571 0.017857 0.017857 0.053571 0.017857 0.017857 0.053571 0.160714 0.017857 
0.002976 0.026786 0.020833 0.235119 0.241071 0.133929 0.002976 0.038690 0.122024 0.175595 
0.017241 0.017241 0.017241 0.120690 0.017241 0.017241 0.706897 0.017241 0.017241 0.051724 
0.009868 0.049342 0.003289 0.088816 0.003289 0.016447 0.003289 0.009868 0.003289 0.812500 
0.760870 0.021739 0.021739 0.021739 0.021739 0.021739 0.021739 0.021739 0.065217 0.021739 
0.036585 0.182927 0.012195 0.597561 0.012195 0.036585 0.060976 0.012195 0.012195 0.036585 
0.034091 0.011364 0.011364 0.079545 0.784091 0.011364 0.034091 0.011364 0.011364 0.011364 
0.506944 0.034722 0.006944 0.020833 0.006944 0.006944 0.006944 0.020833 0.381944 0.006944 
0.175676 0.013514 0.013514 0.040541 0.689189 0.013514 0.013514 0.013514 0.013514 0.013514 
0.119048 0.023810 0.023810 0.023810 0.690476 0.023810 0.023810 0.023810 0.023810 0.023810 
0.015152 0.015152 0.045455 0.772727 0.015152 0.015152 0.015152 0.075758 0.015152 0.015152 
0.738095 0.071429 0.023810 0.023810 0.023810 0.023810 0.023810 0.023810 0.023810 0.023810 
0.008065 0.008065 0.008065 0.879032 0.024194 0.008065 0.024194 0.008065 0.008065 0.024194 
0.740000 0.020000 0.020000 0.100000 0.020000 0.020000 0.020000 0.020000 0.020000 0.020000 
0.008929 0.008929 0.008929 0.008929 0.026786 0.133929 0.062500 0.401786 0.008929 0.330357 
0.002427 0.002427 0.934466 0.002427 0.007282 0.002427 0.002427 0.002427 0.007282 0.036408 
0.010870 0.010870 0.010870 0.010870 0.010870 0.010870 0.010870 0.032609 0.880435 0.010870 
0.005102 0.045918 0.464286 0.260204 0.005102 0.005102 0.005102 0.025510 0.025510 0.158163 
0.009804 0.068627 0.009804 0.009804 0.852941 0.009804 0.009804 0.009804 0.009804 0.009804 
0.217949 0.576923 0.012821 0.089744 0.012821 0.012821 0.038462 0.012821 0.012821 0.012821 
0.357143 0.071429 0.071429 0.071429 0.071429 0.071429 0.071429 0.071429 0.071429 0.071429 
0.022491 0.005190 0.001730 0.005190 0.005190 0.133218 0.074394 0.288927 0.012111 0.451557 
0.021739 0.021739 0.021739 0.065217 0.065217 0.021739 0.021739 0.021739 0.717391 0.021739 
0.042857 0.014286 0.014286 0.014286 0.014286 0.785714 0.014286 0.042857 0.014286 0.042857 
0.011905 0.035714 0.035714 0.035714 0.035714 0.035714 0.535714 0.011905 0.011905 0.250000 
0.002778 0.002778 0.541667 0.002778 0.008333 0.069444 0.319444 0.008333 0.002778 0.041667 
0.005263 0.047368 0.026316 0.478947 0.005263 0.026316 0.363158 0.005263 0.005263 0.036842 
0.025424 0.008475 0.008475 0.788136 0.093220 0.008475 0.008475 0.025424 0.025424 0.008475 
0.008621 0.008621 0.560345 0.318966 0.008621 0.008621 0.043103 0.008621 0.008621 0.025862 
0.017241 0.017241 0.051724 0.431034 0.017241 0.017241 0.051724 0.017241 0.017241 0.362069 
0.007246 0.007246 0.021739 0.007246 0.007246 0.123188 0.007246 0.384058 0.007246 0.427536 
0.014706 0.014706 0.014706 0.014706 0.014706 0.014706 0.544118 0.073529 0.191176 0.102941 
0.065789 0.013158 0.013158 0.013158 0.776316 0.013158 0.013158 0.039474 0.039474 0.013158 
0.077778 0.011111 0.011111 0.011111 0.811111 0.011111 0.011111 0.011111 0.033333 0.011111 
0.020000 0.180000 0.220000 0.260000 0.020000 0.020000 0.020000 0.020000 0.140000 0.100000 
0.004132 0.012397 0.028926 0.004132 0.045455 0.574380 0.210744 0.004132 0.004132 0.111570 
0.007692 0.576923 0.038462 0.069231 0.007692 0.192308 0.007692 0.023077 0.007692 0.069231 
0.012755 0.002551 0.410714 0.170918 0.002551 0.099490 0.007653 0.002551 0.288265 0.002551 
0.047297 0.006757 0.006757 0.033784 0.006757 0.033784 0.006757 0.844595 0.006757 0.006757 
0.091837 0.010204 0.010204 0.010204 0.234694 0.010204 0.030612 0.030612 0.071429 0.500000 
0.020833 0.020833 0.020833 0.062500 0.729167 0.062500 0.020833 0.020833 0.020833 0.020833 
0.023810 0.023810 0.023810 0.023810 0.023810 0.023810 0.023810 0.023810 0.023810 0.785714 
0.039394 0.039394 0.293939 0.172727 0.003030 0.427273 0.009091 0.003030 0.009091 0.003030 
0.007463 0.007463 0.440299 0.380597 0.007463 0.007463 0.022388 0.007463 0.022388 0.097015 
0.065401 0.040084 0.018987 0.035865 0.082278 0.086498 0.023207 0.124473 0.002110 0.521097 
0.003378 0.003378 0.131757 0.070946 0.003378 0.706081 0.037162 0.003378 0.003378 0.037162 
0.007353 0.007353 0.007353 0.904412 0.022059 0.007353 0.007353 0.007353 0.022059 0.007353 
0.019737 0.375000 0.085526 0.006579 0.006579 0.111842 0.059211 0.282895 0.019737 0.032895 
0.002165 0.002165 0.041126 0.041126 0.015152 0.188312 0.439394 0.054113 0.002165 0.214286 
0.690476 0.023810 0.023810 0.023810 0.119048 0.023810 0.023810 0.023810 0.023810 0.023810 
0.092593 0.018519 0.500000 0.018519 0.055556 0.018519 0.018519 0.240741 0.018519 0.018519 
0.008621 0.008621 0.008621 0.853448 0.077586 0.008621 0.008621 0.008621 0.008621 0.008621 
0.012500 0.687500 0.037500 0.012500 0.012500 0.062500 0.087500 0.037500 0.012500 0.037500 
0.012690 0.210660 0.093909 0.012690 0.017766 0.002538 0.017766 0.007614 0.525381 0.098985 
0.020000 0.006667 0.380000 0.553333 0.006667 0.006667 0.006667 0.006667 0.006667 0.006667 
0.645833 0.062500 0.020833 0.020833 0.020833 0.020833 0.020833 0.145833 0.020833 0.020833 
0.004630 0.208333 0.032407 0.013889 0.134259 0.004630 0.004630 0.004630 0.032407 0.560185 
0.007692 0.453846 0.038462 0.007692 0.023077 0.038462 0.023077 0.023077 0.130769 0.253846 
0.021739 0.021739 0.021739 0.021739 0.021739 0.021739 0.021739 0.021739 0.021739 0.804348 
0.007246 0.007246 0.253623 0.369565 0.007246 0.065217 0.007246 0.268116 0.007246 0.007246 
0.004587 0.032110 0.041284 0.013761 0.004587 0.041284 0.004587 0.004587 0.747706 0.105505 
0.013514 0.040541 0.013514 0.040541 0.824324 0.013514 0.013514 0.013514 0.013514 0.013514 
0.090000 0.010000 0.030000 0.010000 0.010000 0.110000 0.010000 0.010000 0.010000 0.710000 
0.023810 0.023810 0.642857 0.119048 0.023810 0.023810 0.023810 0.023810 0.071429 0.023810 
0.021429 0.007143 0.164286 0.592857 0.050000 0.007143 0.035714 0.021429 0.007143 0.092857 
0.001880 0.088346 0.208647 0.306391 0.024436 0.250000 0.001880 0.009398 0.005639 0.103383 
0.003378 0.077703 0.230856 0.613739 0.001126 0.012387 0.012387 0.001126 0.030405 0.016892 
0.055556 0.018519 0.018519 0.055556 0.574074 0.018519 0.018519 0.166667 0.018519 0.055556 
0.041667 0.325000 0.041667 0.008333 0.058333 0.175000 0.008333 0.008333 0.291667 0.041667 
0.008621 0.025862 0.163793 0.025862 0.008621 0.008621 0.732759 0.008621 0.008621 0.008621 
0.042857 0.814286 0.014286 0.014286 0.014286 0.014286 0.042857 0.014286 0.014286 0.014286 
0.089286 0.017857 0.053571 0.053571 0.696429 0.017857 0.017857 0.017857 0.017857 0.017857 
0.024272 0.004854 0.402913 0.004854 0.004854 0.004854 0.189320 0.140777 0.033981 0.189320 
0.014286 0.100000 0.014286 0.014286 0.785714 0.014286 0.014286 0.014286 0.014286 0.014286 
0.001754 0.001754 0.008772 0.187719 0.008772 0.264912 0.363158 0.047368 0.005263 0.110526 
0.016667 0.016667 0.016667 0.016667 0.016667 0.083333 0.750000 0.050000 0.016667 0.016667 
0.013761 0.243119 0.013761 0.068807 0.105505 0.004587 0.105505 0.160550 0.013761 0.270642 
0.005556 0.005556 0.016667 0.050000 0.005556 0.250000 0.005556 0.005556 0.005556 0.650000 
0.077465 0.007042 0.007042 0.007042 0.401408 0.021127 0.007042 0.035211 0.049296 0.387324 
0.021739 0.065217 0.021739 0.021739 0.760870 0.021739 0.021739 0.021739 0.021739 0.021739 
0.001792 0.001792 0.370968 0.403226 0.001792 0.008961 0.008961 0.012545 0.005376 0.184588 
0.010949 0.003650 0.631387 0.295620 0.003650 0.010949 0.003650 0.010949 0.010949 0.018248 
0.050000 0.059091 0.259091 0.059091 0.013636 0.013636 0.013636 0.004545 0.213636 0.313636 
0.004386 0.021930 0.100877 0.057018 0.021930 0.021930 0.004386 0.004386 0.732456 0.030702 
0.008621 0.008621 0.629310 0.008621 0.025862 0.008621 0.077586 0.025862 0.008621 0.198276 
0.046196 0.024457 0.122283 0.165761 0.008152 0.002717 0.008152 0.480978 0.035326 0.105978 
0.003876 0.003876 0.724806 0.058140 0.011628 0.019380 0.011628 0.027132 0.003876 0.135659 
0.016667 0.716667 0.016667 0.016667 0.016667 0.083333 0.016667 0.083333 0.016667 0.016667 
0.084677 0.076613 0.262097 0.092742 0.012097 0.084677 0.197581 0.044355 0.004032 0.141129 
0.017241 0.362069 0.051724 0.017241 0.017241 0.017241 0.086207 0.017241 0.396552 0.017241 
0.188073 0.325688 0.041284 0.004587 0.013761 0.022936 0.004587 0.087156 0.307339 0.004587 
0.451220 0.036585 0.012195 0.012195 0.012195 0.012195 0.012195 0.231707 0.182927 0.036585 
0.042373 0.110169 0.008475 0.008475 0.025424 0.008475 0.008475 0.008475 0.771186 0.008475 
0.011364 0.170455 0.238636 0.079545 0.034091 0.034091 0.397727 0.011364 0.011364 0.011364 
0.014228 0.111789 0.075203 0.034553 0.002033 0.002033 0.002033 0.002033 0.737805 0.018293 
0.029412 0.676471 0.029412 0.029412 0.029412 0.029412 0.029412 0.029412 0.088235 0.029412 
0.019231 0.339744 0.019231 0.006410 0.006410 0.006410 0.006410 0.032051 0.557692 0.006410 
0.007692 0.007692 0.007692 0.007692 0.007692 0.007692 0.884615 0.023077 0.038462 0.007692 
0.075758 0.065657 0.005051 0.015152 0.651515 0.005051 0.146465 0.015152 0.015152 0.005051 
0.003937 0.003937 0.003937 0.901575 0.011811 0.035433 0.003937 0.003937 0.003937 0.027559 
0.028409 0.005682 0.176136 0.005682 0.005682 0.187500 0.539773 0.039773 0.005682 0.005682 
0.075758 0.015152 0.015152 0.530303 0.196970 0.015152 0.015152 0.106061 0.015152 0.015152 
0.025735 0.408088 0.158088 0.011029 0.011029 0.253676 0.003676 0.003676 0.084559 0.040441 
0.020000 0.060000 0.020000 0.060000 0.020000 0.020000 0.580000 0.020000 0.180000 0.020000 
0.032609 0.010870 0.032609 0.010870 0.836957 0.032609 0.010870 0.010870 0.010870 0.010870 
0.008333 0.008333 0.208333 0.008333 0.008333 0.391667 0.008333 0.258333 0.008333 0.091667 
0.034091 0.352273 0.011364 0.011364 0.011364 0.011364 0.011364 0.011364 0.534091 0.011364 
0.009615 0.067308 0.009615 0.009615 0.817308 0.028846 0.009615 0.028846 0.009615 0.009615 
0.002941 0.002941 0.338235 0.597059 0.008824 0.008824 0.008824 0.002941 0.002941 0.026471 
0.133117 0.022727 0.003247 0.107143 0.120130 0.022727 0.029221 0.003247 0.269481 0.288961 
0.003247 0.003247 0.048701 0.009740 0.009740 0.788961 0.003247 0.029221 0.022727 0.081169 
0.018519 0.055556 0.055556 0.055556 0.018519 0.018519 0.018519 0.018519 0.648148 0.092593 
0.012195 0.012195 0.012195 0.012195 0.890244 0.012195 0.012195 0.012195 0.012195 0.012195 
0.042373 0.703390 0.008475 0.076271 0.025424 0.008475 0.008475 0.025424 0.093220 0.008475 
0.003650 0.324818 0.156934 0.098540 0.047445 0.003650 0.083942 0.003650 0.273723 0.003650 
0.008475 0.161017 0.025424 0.008475 0.008475 0.059322 0.008475 0.550847 0.008475 0.161017 
0.034884 0.709302 0.011628 0.011628 0.011628 0.011628 0.011628 0.127907 0.011628 0.058140 
0.035714 0.035714 0.011905 0.035714 0.821429 0.011905 0.011905 0.011905 0.011905 0.011905 
0.016667 0.016667 0.016667 0.016667 0.016667 0.016667 0.450000 0.416667 0.016667 0.016667 
0.019231 0.121795 0.006410 0.019231 0.032051 0.032051 0.019231 0.006410 0.724359 0.019231 
0.006410 0.057692 0.211538 0.096154 0.019231 0.057692 0.532051 0.006410 0.006410 0.006410 
0.006250 0.002083 0.081250 0.035417 0.018750 0.468750 0.006250 0.318750 0.002083 0.060417 
0.006818 0.047727 0.552273 0.061364 0.002273 0.061364 0.075000 0.052273 0.002273 0.138636 
0.685185 0.018519 0.018519 0.018519 0.055556 0.018519 0.018519 0.018519 0.018519 0.129630 
0.007812 0.007812 0.007812 0.054688 0.007812 0.789062 0.007812 0.007812 0.007812 0.101562 
0.004098 0.127049 0.717213 0.004098 0.012295 0.004098 0.004098 0.036885 0.020492 0.069672 
0.012821 0.012821 0.012821 0.012821 0.884615 0.012821 0.012821 0.012821 0.012821 0.012821 
0.653846 0.192308 0.064103 0.012821 0.012821 0.012821 0.012821 0.012821 0.012821 0.012821 
0.017241 0.051724 0.603448 0.017241 0.017241 0.017241 0.017241 0.224138 0.017241 0.017241 
0.017241 0.017241 0.224138 0.637931 0.017241 0.017241 0.017241 0.017241 0.017241 0.017241 
0.671875 0.078125 0.015625 0.015625 0.109375 0.015625 0.015625 0.015625 0.015625 0.046875 
0.008772 0.061404 0.482456 0.008772 0.008772 0.008772 0.026316 0.008772 0.008772 0.377193 
0.011811 0.082677 0.358268 0.019685 0.011811 0.003937 0.484252 0.011811 0.003937 0.011811 
0.020000 0.004000 0.044000 0.004000 0.044000 0.068000 0.300000 0.084000 0.004000 0.428000 
0.004310 0.004310 0.349138 0.581897 0.004310 0.030172 0.004310 0.004310 0.004310 0.012931 
0.014706 0.426471 0.014706 0.014706 0.102941 0.014706 0.014706 0.014706 0.073529 0.308824 
0.013889 0.013889 0.013889 0.041667 0.791667 0.013889 0.041667 0.013889 0.013889 0.041667 
0.540000 0.060000 0.060000 0.060000 0.020000 0.020000 0.020000 0.180000 0.020000 0.020000 
0.002890 0.367052 0.026012 0.193642 0.002890 0.002890 0.020231 0.002890 0.332370 0.049133 
0.032609 0.010870 0.010870 0.010870 0.010870 0.010870 0.032609 0.010870 0.032609 0.836957 
0.007463 0.007463 0.007463 0.007463 0.037313 0.007463 0.007463 0.007463 0.902985 0.007463 
0.016667 0.716667 0.016667 0.016667 0.016667 0.016667 0.083333 0.016667 0.050000 0.050000 
0.033333 0.033333 0.033333 0.033333 0.633333 0.033333 0.033333 0.033333 0.100000 0.033333 
0.035714 0.011905 0.011905 0.059524 0.011905 0.011905 0.773810 0.011905 0.011905 0.059524 
0.004762 0.004762 0.233333 0.033333 0.004762 0.052381 0.023810 0.442857 0.004762 0.195238 
0.016667 0.050000 0.050000 0.050000 0.350000 0.016667 0.083333 0.050000 0.016667 0.316667 
0.006494 0.084416 0.577922 0.006494 0.006494 0.292208 0.006494 0.006494 0.006494 0.006494 
0.020000 0.020000 0.020000 0.020000 0.100000 0.020000 0.060000 0.700000 0.020000 0.020000 
0.013158 0.013158 0.013158 0.671053 0.118421 0.013158 0.013158 0.013158 0.039474 0.092105 
0.068182 0.022727 0.022727 0.022727 0.750000 0.022727 0.022727 0.022727 0.022727 0.022727 
0.006494 0.006494 0.071429 0.045455 0.110390 0.019481 0.006494 0.720779 0.006494 0.006494 
0.141509 0.084906 0.009434 0.009434 0.669811 0.009434 0.009434 0.009434 0.009434 0.047170 
0.007937 0.007937 0.404762 0.007937 0.007937 0.023810 0.357143 0.150794 0.023810 0.007937 
0.033333 0.100000 0.033333 0.033333 0.633333 0.033333 0.033333 0.033333 0.033333 0.033333 
0.013889 0.347222 0.041667 0.013889 0.013889 0.041667 0.041667 0.375000 0.041667 0.069444 
0.005208 0.005208 0.005208 0.005208 0.005208 0.046875 0.911458 0.005208 0.005208 0.005208 
0.041667 0.013889 0.004630 0.004630 0.337963 0.004630 0.004630 0.199074 0.097222 0.291667 
0.005263 0.005263 0.015789 0.015789 0.005263 0.847368 0.036842 0.005263 0.005263 0.057895 
0.016854 0.005618 0.050562 0.028090 0.005618 0.162921 0.533708 0.162921 0.016854 0.016854 
0.106061 0.015152 0.015152 0.015152 0.742424 0.015152 0.045455 0.015152 0.015152 0.015152 
0.014286 0.357143 0.185714 0.128571 0.157143 0.014286 0.014286 0.042857 0.014286 0.071429 
0.006024 0.644578 0.018072 0.018072 0.006024 0.126506 0.030120 0.102410 0.042169 0.006024 
0.710526 0.026316 0.026316 0.026316 0.078947 0.026316 0.026316 0.026316 0.026316 0.026316 
0.006410 0.019231 0.083333 0.006410 0.006410 0.006410 0.288462 0.557692 0.006410 0.019231 
0.012821 0.004274 0.337607 0.004274 0.021368 0.141026 0.038462 0.388889 0.029915 0.021368 
0.002315 0.002315 0.187500 0.002315 0.006944 0.099537 0.673611 0.006944 0.016204 0.002315 
0.008344 0.001926 0.285623 0.055841 0.013479 0.565469 0.044288 0.001926 0.001926 0.021181 
0.013514 0.040541 0.013514 0.013514 0.824324 0.013514 0.013514 0.013514 0.013514 0.040541 
0.016456 0.001266 0.343038 0.084810 0.008861 0.193671 0.003797 0.001266 0.001266 0.345570 
0.027273 0.009091 0.009091 0.009091 0.609091 0.009091 0.009091 0.300000 0.009091 0.009091 
0.007692 0.007692 0.007692 0.007692 0.007692 0.007692 0.915385 0.023077 0.007692 0.007692 
0.026119 0.003731 0.003731 0.003731 0.003731 0.055970 0.600746 0.026119 0.033582 0.242537 
0.316667 0.016667 0.016667 0.016667 0.450000 0.016667 0.016667 0.050000 0.016667 0.083333 
0.004808 0.004808 0.004808 0.004808 0.004808 0.187500 0.043269 0.668269 0.004808 0.072115 
0.010870 0.141304 0.076087 0.010870 0.054348 0.010870 0.054348 0.423913 0.010870 0.206522 
0.007143 0.307143 0.007143 0.021429 0.007143 0.007143 0.021429 0.078571 0.478571 0.064286 
0.021739 0.021739 0.369565 0.456522 0.021739 0.021739 0.021739 0.021739 0.021739 0.021739 
0.004717 0.004717 0.061321 0.863208 0.014151 0.004717 0.033019 0.004717 0.004717 0.004717 
0.017857 0.017857 0.017857 0.017857 0.482143 0.017857 0.053571 0.017857 0.232143 0.125000 
0.011364 0.056818 0.011364 0.011364 0.556818 0.011364 0.034091 0.011364 0.011364 0.284091 
0.014286 0.014286 0.014286 0.014286 0.842857 0.014286 0.014286 0.014286 0.042857 0.014286 
0.508621 0.043103 0.008621 0.008621 0.353448 0.025862 0.008621 0.008621 0.008621 0.025862 
0.023490 0.298658 0.332215 0.063758 0.003356 0.016779 0.003356 0.003356 0.244966 0.010067 
0.005000 0.515000 0.015000 0.005000 0.235000 0.015000 0.025000 0.065000 0.015000 0.105000 
0.067568 0.202703 0.013514 0.013514 0.013514 0.121622 0.013514 0.040541 0.500000 0.013514 
0.002717 0.095109 0.078804 0.002717 0.002717 0.013587 0.192935 0.470109 0.040761 0.100543 
0.048387 0.016129 0.016129 0.016129 0.790323 0.016129 0.016129 0.048387 0.016129 0.016129 
0.010204 0.010204 0.030612 0.010204 0.010204 0.030612 0.010204 0.030612 0.010204 0.846939 
0.583333 0.116667 0.016667 0.016667 0.183333 0.016667 0.016667 0.016667 0.016667 0.016667 
0.642857 0.023810 0.023810 0.023810 0.071429 0.023810 0.071429 0.023810 0.071429 0.023810 
0.191589 0.014019 0.014019 0.434579 0.107477 0.107477 0.042056 0.004673 0.079439 0.004673 
0.006579 0.006579 0.006579 0.006579 0.927632 0.006579 0.006579 0.006579 0.019737 0.006579 
0.011811 0.003937 0.051181 0.326772 0.003937 0.003937 0.066929 0.019685 0.035433 0.476378 
0.004225 0.097183 0.097183 0.015493 0.001408 0.001408 0.001408 0.001408 0.694366 0.085915 
0.025424 0.025424 0.008475 0.042373 0.771186 0.008475 0.042373 0.008475 0.059322 0.008475 
0.034884 0.127907 0.011628 0.081395 0.011628 0.453488 0.174419 0.011628 0.081395 0.011628 
0.009091 0.009091 0.081818 0.045455 0.045455 0.263636 0.354545 0.009091 0.027273 0.154545 
0.006098 0.591463 0.006098 0.030488 0.006098 0.030488 0.176829 0.030488 0.115854 0.006098 
0.012821 0.029915 0.311966 0.029915 0.004274 0.192308 0.388889 0.004274 0.004274 0.021368 
0.013274 0.001475 0.393805 0.520649 0.001475 0.001475 0.004425 0.001475 0.004425 0.057522 
0.612500 0.012500 0.012500 0.012500 0.137500 0.012500 0.012500 0.062500 0.037500 0.087500 
0.357143 0.071429 0.071429 0.071429 0.071429 0.071429 0.071429 0.071429 0.071429 0.071429 
0.029412 0.029412 0.029412 0.558824 0.029412 0.029412 0.088235 0.029412 0.029412 0.147059 
0.025000 0.025000 0.025000 0.025000 0.775000 0.025000 0.025000 0.025000 0.025000 0.025000 
0.026316 0.026316 0.026316 0.026316 0.710526 0.026316 0.078947 0.026316 0.026316 0.026316 
0.083333 0.138889 0.027778 0.027778 0.527778 0.027778 0.027778 0.027778 0.027778 0.083333 
0.015152 0.015152 0.075758 0.712121 0.075758 0.015152 0.015152 0.015152 0.045455 0.015152 
0.006494 0.019481 0.006494 0.006494 0.006494 0.006494 0.019481 0.006494 0.006494 0.915584 
0.740000 0.020000 0.020000 0.020000 0.020000 0.020000 0.020000 0.020000 0.020000 0.100000 
0.014286 0.014286 0.014286 0.014286 0.814286 0.014286 0.014286 0.042857 0.042857 0.014286 
0.006494 0.266234 0.019481 0.006494 0.019481 0.512987 0.058442 0.097403 0.006494 0.006494 
0.004934 0.004934 0.103618 0.024671 0.004934 0.277961 0.449013 0.021382 0.011513 0.097039 
0.553571 0.267857 0.017857 0.017857 0.053571 0.017857 0.017857 0.017857 0.017857 0.017857 
0.002591 0.012953 0.759067 0.049223 0.002591 0.111399 0.002591 0.012953 0.044041 0.002591 
0.020000 0.020000 0.100000 0.020000 0.020000 0.060000 0.580000 0.020000 0.140000 0.020000 
0.007812 0.304688 0.023438 0.085938 0.007812 0.007812 0.039062 0.507812 0.007812 0.007812 
0.009804 0.009804 0.009804 0.009804 0.205882 0.009804 0.068627 0.009804 0.029412 0.637255 
0.008982 0.002994 0.050898 0.224551 0.008982 0.020958 0.661677 0.002994 0.002994 0.014970 
0.038462 0.012821 0.089744 0.064103 0.012821 0.012821 0.012821 0.141026 0.012821 0.602564 
0.004464 0.111607 0.066964 0.022321 0.022321 0.156250 0.004464 0.593750 0.004464 0.013393 
0.004808 0.014423 0.389423 0.004808 0.014423 0.129808 0.264423 0.091346 0.014423 0.072115 
0.009091 0.027273 0.009091 0.809091 0.045455 0.009091 0.009091 0.027273 0.009091 0.045455 
0.005263 0.005263 0.468421 0.005263 0.005263 0.447368 0.036842 0.015789 0.005263 0.005263 
0.012821 0.012821 0.012821 0.012821 0.012821 0.038462 0.012821 0.012821 0.012821 0.858974 
0.175676 0.040541 0.013514 0.013514 0.256757 0.013514 0.013514 0.040541 0.040541 0.391892 
0.012195 0.012195 0.012195 0.012195 0.890244 0.012195 0.012195 0.012195 0.012195 0.012195 
0.212329 0.184932 0.006849 0.006849 0.102740 0.061644 0.020548 0.006849 0.034247 0.363014 
0.045455 0.742424 0.015152 0.015152 0.106061 0.015152 0.015152 0.015152 0.015152 0.015152 
0.018519 0.018519 0.055556 0.018519 0.018519 0.018519 0.018519 0.018519 0.018519 0.796296 
0.015152 0.015152 0.015152 0.015152 0.015152 0.015152 0.015152 0.136364 0.742424 0.015152 
0.012500 0.012500 0.012500 0.012500 0.787500 0.012500 0.012500 0.112500 0.012500 0.012500 
0.016026 0.060897 0.387821 0.266026 0.003205 0.060897 0.073718 0.022436 0.035256 0.073718 
0.763158 0.026316 0.026316 0.026316 0.026316 0.026316 0.026316 0.026316 0.026316 0.026316 
0.017241 0.017241 0.017241 0.775862 0.017241 0.017241 0.051724 0.051724 0.017241 0.017241 
0.027778 0.027778 0.027778 0.083333 0.416667 0.027778 0.027778 0.138889 0.083333 0.138889 
0.021739 0.456522 0.021739 0.021739 0.108696 0.021739 0.021739 0.021739 0.282609 0.021739 
0.009434 0.764151 0.009434 0.009434 0.009434 0.009434 0.028302 0.103774 0.009434 0.047170 
0.037879 0.234848 0.143939 0.053030 0.053030 0.037879 0.007576 0.007576 0.022727 0.401515 
0.009259 0.083333 0.046296 0.009259 0.009259 0.009259 0.120370 0.638889 0.009259 0.064815 
0.023810 0.071429 0.023810 0.023810 0.690476 0.023810 0.071429 0.023810 0.023810 0.023810 
0.014286 0.185714 0.100000 0.271429 0.271429 0.071429 0.014286 0.042857 0.014286 0.014286 
0.479730 0.087838 0.047297 0.033784 0.006757 0.006757 0.006757 0.033784 0.290541 0.006757 
0.033333 0.544444 0.011111 0.011111 0.011111 0.011111 0.011111 0.011111 0.344444 0.011111 
0.014706 0.661765 0.044118 0.014706 0.161765 0.044118 0.014706 0.014706 0.014706 0.014706 
0.012821 0.012821 0.012821 0.012821 0.782051 0.012821 0.012821 0.012821 0.012821 0.115385 
0.017241 0.051724 0.017241 0.086207 0.017241 0.051724 0.017241 0.017241 0.706897 0.017241 
0.010870 0.010870 0.032609 0.097826 0.032609 0.010870 0.010870 0.010870 0.771739 0.010870 
0.009434 0.009434 0.518868 0.084906 0.009434 0.160377 0.179245 0.009434 0.009434 0.009434 
0.026316 0.026316 0.026316 0.026316 0.710526 0.026316 0.026316 0.078947 0.026316 0.026316 
0.007463 0.300995 0.256219 0.012438 0.032338 0.092040 0.126866 0.007463 0.017413 0.146766 
0.006098 0.006098 0.006098 0.006098 0.945122 0.006098 0.006098 0.006098 0.006098 0.006098 
0.023810 0.071429 0.023810 0.738095 0.023810 0.023810 0.023810 0.023810 0.023810 0.023810 
0.005000 0.005000 0.005000 0.825000 0.005000 0.005000 0.015000 0.005000 0.015000 0.115000 
0.005263 0.005263 0.026316 0.026316 0.005263 0.047368 0.857895 0.005263 0.015789 0.005263 
0.135417 0.010417 0.010417 0.010417 0.718750 0.072917 0.010417 0.010417 0.010417 0.010417 
0.008065 0.750000 0.008065 0.008065 0.008065 0.040323 0.008065 0.008065 0.137097 0.024194 
0.025140 0.021415 0.265363 0.347300 0.002793 0.006518 0.010242 0.075419 0.027002 0.218808 
0.738095 0.023810 0.023810 0.023810 0.023810 0.023810 0.023810 0.071429 0.023810 0.023810 
0.007353 0.022059 0.066176 0.610294 0.007353 0.066176 0.022059 0.051471 0.007353 0.139706 
0.036585 0.012195 0.060976 0.012195 0.012195 0.060976 0.768293 0.012195 0.012195 0.012195 
0.030488 0.030488 0.164634 0.006098 0.018293 0.006098 0.603659 0.006098 0.006098 0.128049 
0.044643 0.687500 0.098214 0.044643 0.008929 0.008929 0.008929 0.026786 0.008929 0.062500 
0.021845 0.371359 0.206311 0.016990 0.016990 0.021845 0.046117 0.002427 0.293689 0.002427 
0.673077 0.019231 0.019231 0.019231 0.019231 0.019231 0.096154 0.019231 0.096154 0.019231 
0.011111 0.455556 0.011111 0.277778 0.011111 0.033333 0.011111 0.011111 0.166667 0.011111 
0.006173 0.462963 0.006173 0.006173 0.166667 0.030864 0.006173 0.018519 0.067901 0.228395 
0.028846 0.394231 0.144231 0.086538 0.009615 0.278846 0.009615 0.009615 0.028846 0.009615 
0.018519 0.018519 0.018519 0.018519 0.833333 0.018519 0.018519 0.018519 0.018519 0.018519 
0.059524 0.011905 0.011905 0.011905 0.059524 0.011905 0.011905 0.202381 0.011905 0.607143 
0.020833 0.020833 0.020833 0.687500 0.020833 0.020833 0.020833 0.020833 0.062500 0.104167 
0.017857 0.017857 0.017857 0.017857 0.767857 0.017857 0.017857 0.017857 0.089286 0.017857 
0.136364 0.500000 0.015152 0.015152 0.227273 0.015152 0.015152 0.045455 0.015152 0.015152 
0.009804 0.009804 0.107843 0.774510 0.009804 0.009804 0.049020 0.009804 0.009804 0.009804 
0.020833 0.020833 0.020833 0.020833 0.770833 0.020833 0.020833 0.020833 0.062500 0.020833 
0.008333 0.008333 0.008333 0.025000 0.008333 0.025000 0.025000 0.075000 0.808333 0.008333 
0.009091 0.009091 0.009091 0.063636 0.009091 0.045455 0.009091 0.009091 0.009091 0.827273 
0.007576 0.037879 0.007576 0.007576 0.886364 0.007576 0.007576 0.007576 0.022727 0.007576 
0.101190 0.244048 0.005952 0.017857 0.255952 0.017857 0.005952 0.029762 0.005952 0.315476 
0.003030 0.003030 0.003030 0.009091 0.124242 0.003030 0.003030 0.372727 0.281818 0.196970 
0.055556 0.158120 0.029915 0.021368 0.175214 0.004274 0.004274 0.004274 0.072650 0.474359 
0.009091 0.445455 0.027273 0.009091 0.009091 0.118182 0.009091 0.027273 0.263636 0.081818 
0.009434 0.028302 0.028302 0.801887 0.047170 0.009434 0.009434 0.009434 0.009434 0.047170 
0.013158 0.276316 0.013158 0.013158 0.250000 0.118421 0.013158 0.013158 0.065789 0.223684 
0.020833 0.004167 0.229167 0.029167 0.004167 0.045833 0.004167 0.004167 0.012500 0.645833 
0.022727 0.068182 0.068182 0.022727 0.704545 0.022727 0.022727 0.022727 0.022727 0.022727 
0.068627 0.029412 0.029412 0.009804 0.049020 0.088235 0.049020 0.656863 0.009804 0.009804 
0.155172 0.120690 0.017241 0.017241 0.086207 0.017241 0.017241 0.017241 0.017241 0.534483 
0.114035 0.324561 0.026316 0.008772 0.008772 0.026316 0.008772 0.429825 0.008772 0.043860 
0.043307 0.051181 0.059055 0.515748 0.059055 0.011811 0.003937 0.003937 0.003937 0.248031 
0.027778 0.268519 0.009259 0.009259 0.138889 0.009259 0.009259 0.083333 0.046296 0.398148 
0.001529 0.004587 0.050459 0.747706 0.004587 0.074924 0.007645 0.001529 0.007645 0.099388 
0.023438 0.007812 0.367188 0.070312 0.007812 0.054688 0.242188 0.179688 0.007812 0.039062 
0.016129 0.016129 0.016129 0.016129 0.790323 0.016129 0.016129 0.016129 0.016129 0.080645 
0.004274 0.158120 0.012821 0.047009 0.004274 0.004274 0.004274 0.004274 0.747863 0.012821 
0.021429 0.050000 0.021429 0.035714 0.007143 0.021429 0.707143 0.078571 0.050000 0.007143 
0.008333 0.008333 0.008333 0.408333 0.025000 0.008333 0.475000 0.008333 0.025000 0.025000 
0.675000 0.025000 0.025000 0.125000 0.025000 0.025000 0.025000 0.025000 0.025000 0.025000 
0.081395 0.430233 0.034884 0.058140 0.197674 0.011628 0.058140 0.058140 0.058140 0.011628 
0.004425 0.048673 0.075221 0.066372 0.004425 0.278761 0.508850 0.004425 0.004425 0.004425 
0.004202 0.021008 0.037815 0.004202 0.004202 0.684874 0.004202 0.163866 0.004202 0.071429 
0.008475 0.008475 0.008475 0.008475 0.398305 0.127119 0.076271 0.279661 0.008475 0.076271 
0.118421 0.013158 0.013158 0.013158 0.776316 0.013158 0.013158 0.013158 0.013158 0.013158 
0.044118 0.044118 0.014706 0.014706 0.779412 0.014706 0.014706 0.044118 0.014706 0.014706 
0.013761 0.050459 0.041284 0.004587 0.004587 0.784404 0.004587 0.068807 0.022936 0.004587 
0.011628 0.034884 0.034884 0.011628 0.011628 0.011628 0.011628 0.011628 0.825581 0.034884 
0.520833 0.187500 0.062500 0.020833 0.020833 0.020833 0.020833 0.020833 0.104167 0.020833 
0.008333 0.025000 0.091667 0.025000 0.008333 0.025000 0.008333 0.025000 0.008333 0.775000 
0.011905 0.702381 0.035714 0.011905 0.011905 0.011905 0.130952 0.011905 0.035714 0.035714 
0.007353 0.875000 0.007353 0.051471 0.007353 0.007353 0.022059 0.007353 0.007353 0.007353 
0.007042 0.007042 0.007042 0.021127 0.035211 0.626761 0.007042 0.246479 0.007042 0.035211 
0.004274 0.004274 0.200855 0.414530 0.029915 0.089744 0.012821 0.004274 0.004274 0.235043 
0.021739 0.065217 0.021739 0.065217 0.717391 0.021739 0.021739 0.021739 0.021739 0.021739 
0.029412 0.009804 0.009804 0.735294 0.068627 0.009804 0.068627 0.009804 0.009804 0.049020 
0.025424 0.008475 0.008475 0.008475 0.008475 0.008475 0.686441 0.076271 0.008475 0.161017 
0.065217 0.036232 0.007246 0.021739 0.688406 0.007246 0.036232 0.021739 0.007246 0.108696 
0.785714 0.023810 0.023810 0.023810 0.023810 0.023810 0.023810 0.023810 0.023810 0.023810 
0.034351 0.438931 0.003817 0.019084 0.301527 0.003817 0.003817 0.003817 0.003817 0.187023 
0.750000 0.039474 0.013158 0.065789 0.039474 0.013158 0.013158 0.013158 0.013158 0.039474 
0.704545 0.022727 0.022727 0.022727 0.022727 0.068182 0.022727 0.068182 0.022727 0.022727 
0.381579 0.039474 0.013158 0.013158 0.223684 0.065789 0.013158 0.013158 0.197368 0.039474 
0.416667 0.083333 0.035714 0.035714 0.035714 0.011905 0.011905 0.011905 0.345238 0.011905 
0.041667 0.013889 0.013889 0.013889 0.847222 0.013889 0.013889 0.013889 0.013889 0.013889 
0.002439 0.046341 0.021951 0.046341 0.002439 0.031707 0.021951 0.021951 0.763415 0.041463 
0.022727 0.780303 0.007576 0.007576 0.037879 0.068182 0.007576 0.037879 0.007576 0.022727 
0.008929 0.026786 0.008929 0.848214 0.008929 0.008929 0.008929 0.008929 0.008929 0.062500 
0.038462 0.038462 0.012821 0.012821 0.833333 0.012821 0.012821 0.012821 0.012821 0.012821 
0.001916 0.001916 0.365900 0.319923 0.001916 0.009579 0.009579 0.017241 0.001916 0.270115 
0.002778 0.002778 0.002778 0.002778 0.002778 0.002778 0.019444 0.019444 0.002778 0.941667 
0.033333 0.100000 0.033333 0.033333 0.566667 0.033333 0.033333 0.100000 0.033333 0.033333 
0.008065 0.008065 0.040323 0.056452 0.040323 0.008065 0.056452 0.008065 0.766129 0.008065 
0.141026 0.602564 0.012821 0.012821 0.064103 0.012821 0.038462 0.064103 0.038462 0.012821 
0.008065 0.056452 0.024194 0.024194 0.120968 0.008065 0.588710 0.137097 0.008065 0.024194 
0.018519 0.092593 0.055556 0.425926 0.092593 0.018519 0.166667 0.018519 0.018519 0.092593 
0.008621 0.060345 0.008621 0.008621 0.060345 0.008621 0.043103 0.008621 0.784483 0.008621 
0.087302 0.087302 0.039683 0.007937 0.198413 0.007937 0.007937 0.023810 0.007937 0.531746 
0.028626 0.013359 0.028626 0.028626 0.001908 0.708015 0.017176 0.146947 0.017176 0.009542 
0.025000 0.025000 0.075000 0.025000 0.625000 0.025000 0.025000 0.075000 0.075000 0.025000 
0.001718 0.005155 0.335052 0.400344 0.012027 0.005155 0.008591 0.005155 0.005155 0.221649 
0.007353 0.007353 0.036765 0.036765 0.007353 0.007353 0.786765 0.007353 0.007353 0.095588 
0.006494 0.006494 0.110390 0.058442 0.019481 0.006494 0.746753 0.006494 0.032468 0.006494 
0.041667 0.025000 0.008333 0.008333 0.008333 0.008333 0.008333 0.841667 0.008333 0.041667 
0.019231 0.019231 0.019231 0.019231 0.826923 0.019231 0.019231 0.019231 0.019231 0.019231 
0.007692 0.007692 0.407692 0.515385 0.007692 0.007692 0.007692 0.023077 0.007692 0.007692 
0.011905 0.011905 0.011905 0.035714 0.035714 0.011905 0.011905 0.011905 0.011905 0.845238 
